cdd18ann.txt
ncols         501
nrows         361
xllcorner     109.95
yllcorner     -45.05
cellsize      0.1
NODATA_value  -9999
[rows 228 to 265 of 361, columns 0 to 84 of 501]
-48 -33 -19 -5 10 24 39 53 68 82 97 111 126 140 155 169 184 198 213 227 242 256 271 285 300 314 328 343 357 372 386 400 414 428 442 456 470 484 498 512 525 539 552 565 579 592 605 618 630 643 656 669 682 694 707 720 732 745 757 768 780 791 801 811 820 828 836 844 851 857 863 868 873 877 881 884 888 890 893 895 897 899 901 902 904
-60 -46 -31 -17 -3 12 26 41 55 70 84 99 113 128 142 157 171 186 200 215 229 244 258 272 287 301 316 330 344 359 373 387 401 415 429 443 457 471 485 499 512 526 539 552 566 579 592 604 617 630 643 655 668 680 693 705 717 729 741 752 763 773 783 792 801 809 817 824 830 836 842 847 851 855 859 862 865 868 871 873 875 876 878 879 881
-72 -58 -44 -29 -15 -1 14 28 43 57 72 86 101 115 129 144 158 173 187 202 216 231 245 260 274 289 303 317 332 346 360 374 389 403 417 431 445 458 472 486 499 513 526 540 553 566 579 592 604 617 629 642 654 667 679 691 702 714 725 736 746 756 766 774 783 790 797 804 810 816 821 826 830 834 837 840 843 846 848 850 852 853 855 856 857
-85 -70 -56 -42 -27 -13 1 16 30 45 59 73 88 102 117 131 146 160 175 189 204 218 233 247 261 276 290 304 319 333 347 362 376 390 404 418 432 446 459 473 487 500 514 527 540 553 566 579 591 604 616 629 641 653 665 676 688 699 710 720 730 739 748 757 764 772 778 784 790 795 800 805 809 812 815 818 821 823 825 827 829 831 832 833 834
-97 -83 -68 -54 -40 -25 -11 3 18 32 46 61 75 90 104 119 133 148 162 176 191 205 220 234 249 263 277 292 306 320 335 349 363 377 391 405 419 433 447 461 474 488 501 514 527 540 553 566 579 591 603 615 627 639 651 662 673 684 694 704 714 723 731 739 746 753 759 765 770 775 780 784 787 791 794 796 799 801 803 805 806 808 809 810 811
-109 -95 -81 -67 -52 -38 -24 -9 5 20 34 48 63 77 92 106 120 135 149 164 178 193 207 221 236 250 265 279 293 308 322 336 350 364 378 393 406 420 434 448 461 475 488 502 515 528 541 553 566 578 590 602 614 625 637 648 659 669 679 689 698 706 714 721 728 734 740 746 750 755 759 763 766 769 772 774 777 779 780 782 783 784 786 786 787
-122 -108 -93 -79 -65 -50 -36 -22 -7 7 21 36 50 65 79 93 108 122 137 151 165 180 194 209 223 237 252 266 281 295 309 323 338 352 366 380 394 408 421 435 449 462 476 489 502 515 528 540 553 565 577 589 600 612 623 633 644 654 664 673 681 689 697 704 710 716 721 726 731 735 738 742 745 748 750 753 755 756 758 759 760 761 762 763 764
-134 -120 -106 -91 -77 -63 -49 -34 -20 -6 9 23 37 52 66 81 95 109 124 138 153 167 181 196 210 225 239 253 268 282 296 310 325 339 353 367 381 395 409 422 436 450 463 476 489 502 515 528 540 552 564 575 587 598 608 619 629 639 648 657 665 673 680 686 692 697 702 707 711 714 718 721 724 726 729 731 732 734 735 736 737 738 739 740 740
-147 -132 -118 -104 -90 -75 -61 -47 -33 -18 -4 10 25 39 54 68 82 97 111 125 140 154 169 183 197 212 226 240 255 269 283 298 312 326 340 354 368 382 396 410 423 437 450 463 476 489 502 515 527 539 550 562 573 583 594 604 614 623 632 641 648 656 662 668 673 678 683 687 691 694 697 700 703 705 707 709 710 712 713 714 715 715 716 716 717
-159 -145 -131 -116 -102 -88 -74 -59 -45 -31 -17 -2 12 26 41 55 70 84 98 113 127 141 156 170 184 199 213 228 242 256 270 285 299 313 327 341 355 369 383 397 410 424 437 450 463 476 489 501 513 525 537 548 559 569 579 589 598 607 616 624 631 638 644 650 655 659 663 667 670 674 676 679 681 683 685 687 688 689 690 691 692 692 693 693 693
-171 -157 -143 -129 -115 -101 -86 -72 -58 -44 -29 -15 -1 14 28 42 57 71 85 100 114 128 143 157 171 186 200 214 229 243 257 271 286 300 314 328 342 356 370 383 397 411 424 437 450 463 476 488 500 512 523 534 544 554 564 573 582 591 599 607 614 620 626 631 635 640 643 647 650 653 656 658 660 662 663 665 666 667 668 668 669 669 670 670 670
-184 -170 -156 -141 -127 -113 -99 -85 -71 -56 -42 -28 -13 1 15 29 44 58 72 87 101 115 130 144 158 173 187 201 216 230 244 258 272 287 301 315 329 343 356 370 384 397 411 424 437 449 462 474 486 498 509 519 529 539 549 558 566 574 582 589 596 602 607 612 616 620 623 627 630 632 634 637 638 640 641 643 644 644 645 646 646 646 646 647 647
-196 -182 -168 -154 -140 -126 -112 -97 -83 -69 -55 -41 -26 -12 2 16 31 45 59 74 88 102 117 131 145 159 174 188 202 216 231 245 259 273 287 301 315 329 343 356 370 384 397 410 423 436 448 460 472 483 494 505 514 524 533 541 549 557 564 571 577 583 588 592 596 600 603 606 609 611 613 615 617 618 620 621 621 622 623 623 623 623 623 623 623
-209 -195 -181 -167 -153 -139 -124 -110 -96 -82 -68 -53 -39 -25 -11 3 18 32 46 60 75 89 103 118 132 146 160 175 189 203 217 231 245 259 273 287 301 315 329 343 356 370 383 396 409 421 434 446 457 469 479 489 499 508 516 524 532 539 546 552 558 563 568 572 576 580 583 585 588 590 592 594 595 597 598 599 599 600 600 600 601 601 601 601 600
-222 -208 -194 -179 -165 -151 -137 -123 -109 -95 -81 -66 -52 -38 -24 -10 5 19 33 47 61 76 90 104 118 133 147 161 175 189 203 217 232 246 260 273 287 301 315 328 342 355 368 381 394 407 419 431 443 454 464 474 483 492 500 507 514 521 527 533 539 544 548 552 556 559 562 564 567 569 571 572 574 575 576 576 577 578 578 578 578 578 578 578 578
-234 -220 -206 -192 -178 -164 -150 -136 -122 -108 -94 -80 -65 -51 -37 -23 -9 5 20 34 48 62 76 91 105 119 133 147 161 175 189 204 217 231 245 259 273 287 300 314 327 341 354 367 379 392 404 416 427 438 448 458 467 475 482 490 496 503 508 514 519 524 528 532 535 538 541 543 545 547 549 550 552 553 554 554 555 555 556 556 556 556 556 555 555
-247 -233 -219 -205 -191 -177 -163 -149 -135 -121 -107 -93 -79 -64 -50 -36 -22 -8 6 20 34 49 63 77 91 105 119 133 147 161 175 189 203 217 231 245 258 272 286 299 312 325 338 351 364 376 388 400 411 422 432 441 450 457 465 471 478 484 489 494 499 503 507 511 514 517 520 522 524 526 527 529 530 531 532 532 533 533 533 533 533 533 533 533 533
-260 -246 -232 -218 -204 -190 -176 -162 -148 -134 -120 -106 -92 -78 -64 -50 -35 -21 -7 7 21 35 49 63 77 91 105 119 133 147 161 175 189 203 216 230 244 257 270 284 297 310 323 336 348 360 372 384 395 405 415 424 432 439 446 453 458 464 469 474 478 483 486 490 493 496 498 500 502 504 506 507 508 509 510 510 511 511 511 511 511 511 511 511 511
-272 -259 -245 -231 -217 -203 -189 -175 -161 -147 -133 -119 -105 -91 -77 -63 -49 -35 -21 -7 7 21 35 49 63 77 91 105 119 133 147 160 174 188 201 215 228 242 255 268 281 294 307 319 332 344 355 366 377 388 397 406 413 421 427 433 439 444 449 454 458 462 465 468 471 474 477 479 481 482 484 485 486 487 488 488 489 489 489 489 489 489 489 489 488
-285 -271 -258 -244 -230 -216 -202 -188 -174 -160 -146 -132 -119 -105 -91 -77 -63 -49 -35 -21 -7 7 21 35 49 63 77 90 104 118 132 145 159 173 186 200 213 226 239 252 265 278 290 303 315 326 338 349 359 369 378 387 394 401 408 413 419 424 428 433 437 441 444 447 450 452 455 457 459 460 462 463 464 465 466 466 466 467 467 467 467 467 467 466 466
-298 -284 -271 -257 -243 -229 -215 -201 -188 -174 -160 -146 -132 -118 -104 -90 -76 -63 -49 -35 -21 -7 7 21 35 48 62 76 90 103 117 130 144 157 171 184 197 210 223 236 249 261 273 285 297 309 320 330 341 350 359 367 375 381 387 393 398 403 408 412 416 419 422 425 428 431 433 435 437 438 440 441 442 443 444 444 444 445 445 445 445 445 445 444 444
-311 -298 -284 -270 -256 -242 -229 -215 -201 -187 -173 -160 -146 -132 -118 -104 -90 -77 -63 -49 -35 -21 -7 6 20 34 47 61 75 88 102 115 129 142 155 168 181 194 207 219 232 244 256 268 279 291 301 312 322 331 339 347 354 361 367 372 377 382 386 390 394 397 401 404 406 409 411 413 415 416 418 419 420 421 421 422 422 423 423 423 423 423 423 423 422
-324 -311 -297 -283 -269 -256 -242 -228 -214 -201 -187 -173 -159 -146 -132 -118 -104 -91 -77 -63 -49 -36 -22 -8 5 19 32 46 60 73 86 100 113 126 139 152 165 178 190 203 215 227 239 250 261 272 283 293 302 311 319 327 334 340 346 351 356 361 365 369 372 376 379 382 384 387 389 391 393 394 396 397 398 399 399 400 400 401 401 401 401 401 401 401 401
-337 -324 -310 -296 -283 -269 -255 -242 -228 -214 -201 -187 -173 -160 -146 -132 -118 -105 -91 -77 -64 -50 -37 -23 -10 4 17 31 44 57 71 84 97 110 123 136 148 161 173 185 197 209 221 232 243 253 263 273 282 291 299 306 313 319 325 330 335 339 343 347 351 354 357 360 362 365 367 369 371 372 374 375 376 377 378 378 378 379 379 379 379 379 379 379 379
-351 -337 -323 -310 -296 -283 -269 -255 -242 -228 -214 -201 -187 -174 -160 -146 -133 -119 -106 -92 -78 -65 -51 -38 -25 -11 2 15 29 42 55 68 81 94 106 119 131 144 156 168 180 191 202 213 224 234 244 253 262 271 278 286 292 298 304 309 314 318 322 325 329 332 335 338 340 343 345 347 349 350 352 353 354 355 356 356 357 357 357 357 357 357 357 357 357
-364 -350 -337 -323 -310 -296 -283 -269 -255 -242 -228 -215 -201 -188 -174 -161 -147 -134 -120 -107 -93 -80 -66 -53 -40 -26 -13 0 13 26 39 52 65 77 90 102 114 127 138 150 162 173 184 195 205 215 224 233 242 250 258 265 271 277 283 288 292 296 300 303 307 310 313 316 318 321 323 325 327 329 330 331 332 333 334 334 335 335 335 336 336 336 336 336 335
-377 -364 -350 -337 -323 -310 -296 -283 -269 -256 -242 -229 -215 -202 -188 -175 -161 -148 -135 -121 -108 -95 -81 -68 -55 -42 -29 -16 -3 10 23 36 48 61 73 85 97 109 121 132 143 154 165 176 186 195 205 213 222 230 237 244 250 256 261 266 270 275 278 282 285 288 291 294 296 299 301 303 305 307 308 309 310 311 312 313 313 313 314 314 314 314 314 314 314
-391 -377 -364 -350 -337 -323 -310 -297 -283 -270 -256 -243 -230 -216 -203 -189 -176 -163 -149 -136 -123 -110 -97 -84 -70 -57 -45 -32 -19 -6 7 19 31 44 56 68 80 91 103 114 125 136 146 156 166 176 185 193 201 209 216 223 229 235 240 245 249 253 257 260 263 266 269 272 275 277 279 281 283 285 286 288 289 290 290 291 291 292 292 292 292 293 293 293 293
-404 -391 -377 -364 -351 -337 -324 -311 -297 -284 -270 -257 -244 -231 -217 -204 -191 -178 -164 -151 -138 -125 -112 -99 -86 -73 -60 -48 -35 -22 -10 2 15 27 39 50 62 74 85 96 107 117 127 137 147 156 165 173 181 188 195 202 208 213 219 223 228 231 235 238 242 245 248 250 253 256 258 260 262 263 265 266 267 268 269 269 270 270 271 271 271 271 271 271 271
-418 -404 -391 -378 -364 -351 -338 -325 -311 -298 -285 -272 -258 -245 -232 -219 -206 -192 -179 -166 -153 -140 -127 -115 -102 -89 -76 -64 -51 -39 -27 -14 -2 9 21 33 44 56 67 77 88 98 108 118 127 136 145 153 160 168 174 181 187 192 197 202 206 210 214 217 220 223 226 229 232 234 236 238 240 242 243 244 245 246 247 248 248 249 249 249 250 250 250 250 250
-431 -418 -405 -391 -378 -365 -352 -339 -325 -312 -299 -286 -273 -260 -247 -234 -220 -207 -195 -182 -169 -156 -143 -130 -118 -105 -93 -80 -68 -56 -43 -31 -20 -8 4 15 26 37 48 59 69 79 89 98 107 116 124 132 140 147 154 160 166 171 176 181 185 189 193 196 199 202 205 208 210 213 215 217 219 220 222 223 224 225 226 226 227 227 228 228 228 229 229 229 229
-445 -432 -419 -405 -392 -379 -366 -353 -340 -327 -314 -300 -287 -274 -261 -248 -235 -223 -210 -197 -184 -171 -159 -146 -134 -121 -109 -97 -84 -72 -60 -49 -37 -25 -14 -3 8 19 30 40 50 60 69 79 88 96 104 112 119 126 133 139 145 150 155 160 164 168 171 175 178 181 184 186 189 191 194 195 197 199 200 202 203 204 204 205 206 206 207 207 207 207 208 208 208
-459 -445 -432 -419 -406 -393 -380 -367 -354 -341 -328 -315 -302 -289 -276 -263 -251 -238 -225 -212 -200 -187 -175 -162 -150 -137 -125 -113 -101 -89 -77 -66 -54 -43 -32 -21 -10 1 11 21 31 41 50 59 68 76 84 92 99 106 112 118 124 129 134 138 143 147 150 154 157 160 163 165 168 170 172 174 176 178 179 180 181 182 183 184 185 185 185 186 186 187 187 187 187
-472 -459 -446 -433 -420 -407 -394 -381 -368 -356 -343 -330 -317 -304 -291 -279 -266 -253 -241 -228 -215 -203 -191 -178 -166 -154 -142 -130 -118 -106 -95 -83 -72 -61 -50 -39 -28 -18 -8 2 12 21 31 39 48 56 64 71 78 85 91 97 103 108 113 118 122 126 129 133 136 139 142 144 147 149 151 153 155 157 158 159 160 161 162 163 164 164 165 165 165 166 166 166 166
-486 -473 -460 -447 -435 -422 -409 -396 -383 -370 -357 -345 -332 -319 -306 -294 -281 -269 -256 -244 -231 -219 -207 -194 -182 -170 -158 -147 -135 -123 -112 -101 -89 -78 -68 -57 -47 -36 -26 -17 -7 2 11 20 28 36 44 51 58 65 71 77 82 87 92 97 101 105 108 112 115 118 121 123 126 128 130 132 134 136 137 138 139 140 141 142 143 143 144 144 145 145 145 145 145
-500 -487 -474 -462 -449 -436 -423 -410 -398 -385 -372 -359 -347 -334 -322 -309 -297 -284 -272 -259 -247 -235 -223 -211 -199 -187 -175 -163 -152 -141 -129 -118 -107 -96 -86 -75 -65 -55 -45 -36 -26 -17 -8 0 8 16 24 31 38 44 50 56 61 66 71 76 80 84 88 91 94 97 100 103 105 107 109 111 113 115 116 117 119 120 121 121 122 123 123 124 124 124 125 125 125
-514 -501 -489 -476 -463 -450 -438 -425 -412 -400 -387 -374 -362 -349 -337 -324 -312 -300 -287 -275 -263 -251 -239 -227 -215 -204 -192 -180 -169 -158 -147 -136 -125 -114 -104 -94 -83 -74 -64 -55 -45 -37 -28 -20 -12 -4 3 10 17 24 30 35 41 46 51 55 59 63 67 70 73 76 79 82 84 86 89 91 92 94 95 97 98 99 100 101 101 102 103 103 103 104 104 104 104
-528 -516 -503 -490 -477 -465 -452 -440 -427 -414 -402 -389 -377 -365 -352 -340 -328 -315 -303 -291 -279 -267 -255 -244 -232 -220 -209 -197 -186 -175 -164 -153 -143 -132 -122 -112 -102 -92 -83 -74 -65 -56 -47 -39 -31 -24 -17 -10 -3 3 9 15 20 25 30 34 38 42 46 49 53 56 58 61 64 66 68 70 72 73 75 76 77 78 79 80 81 82 82 83 83 83 84 84 84
