cdd18ann.txt
ncols         501
nrows         361
xllcorner     109.95
yllcorner     -45.05
cellsize      0.1
NODATA_value  -9999
[rows 38 to 75 of 361, columns 85 to 169 of 501]
3109 3117 3125 3133 3141 3149 3157 3164 3172 3179 3187 3194 3202 3209 3216 3224 3231 3238 3245 3252 3259 3266 3273 3281 3288 3295 3302 3309 3315 3322 3329 3336 3343 3350 3356 3363 3370 3376 3383 3389 3395 3401 3407 3413 3419 3425 3430 3435 3440 3445 3450 3454 3459 3462 3466 3470 3473 3476 3479 3481 3483 3485 3487 3489 3490 3491 3492 3492 3493 3493 3494 3494 3494 3494 3494 3495 3495 3495 3495 3496 3496 3497 3498 3499 3500
3111 3119 3127 3135 3143 3151 3158 3166 3174 3181 3189 3196 3204 3211 3218 3226 3233 3240 3247 3254 3262 3269 3276 3283 3290 3297 3304 3311 3318 3325 3332 3339 3346 3353 3360 3366 3373 3380 3386 3393 3399 3406 3412 3418 3424 3430 3435 3441 3446 3451 3456 3460 3465 3469 3473 3476 3480 3483 3486 3488 3491 3493 3494 3496 3497 3498 3499 3500 3500 3501 3501 3501 3502 3502 3502 3502 3502 3503 3503 3503 3504 3505 3506 3507 3508
3113 3121 3129 3137 3145 3153 3160 3168 3176 3183 3191 3198 3206 3213 3220 3228 3235 3242 3249 3256 3264 3271 3278 3285 3292 3299 3307 3314 3321 3328 3335 3342 3349 3356 3363 3370 3377 3384 3390 3397 3404 3410 3416 3423 3429 3435 3441 3446 3452 3457 3462 3467 3471 3475 3479 3483 3487 3490 3493 3495 3498 3500 3502 3503 3505 3506 3507 3507 3508 3508 3509 3509 3509 3509 3509 3509 3510 3510 3510 3511 3512 3513 3514 3515 3516
3115 3123 3131 3139 3147 3155 3162 3170 3178 3185 3193 3200 3207 3215 3222 3229 3237 3244 3251 3258 3266 3273 3280 3287 3294 3302 3309 3316 3323 3330 3338 3345 3352 3359 3366 3373 3380 3387 3394 3401 3408 3414 3421 3427 3434 3440 3446 3452 3457 3463 3468 3473 3477 3482 3486 3490 3494 3497 3500 3503 3505 3507 3509 3511 3512 3513 3514 3515 3516 3516 3516 3516 3517 3517 3517 3517 3517 3517 3518 3519 3520 3521 3522 3523 3525
3117 3125 3133 3141 3149 3157 3164 3172 3179 3187 3194 3202 3209 3217 3224 3231 3239 3246 3253 3260 3268 3275 3282 3289 3297 3304 3311 3318 3326 3333 3340 3347 3355 3362 3369 3376 3384 3391 3398 3405 3412 3419 3425 3432 3438 3445 3451 3457 3463 3468 3474 3479 3484 3488 3493 3497 3501 3504 3507 3510 3513 3515 3517 3519 3520 3521 3522 3523 3523 3524 3524 3524 3524 3524 3524 3524 3525 3525 3526 3526 3527 3528 3530 3531 3533
3119 3127 3135 3143 3151 3158 3166 3174 3181 3189 3196 3204 3211 3218 3226 3233 3240 3248 3255 3262 3269 3277 3284 3291 3299 3306 3313 3321 3328 3335 3343 3350 3357 3365 3372 3379 3387 3394 3401 3408 3416 3423 3430 3436 3443 3450 3456 3462 3468 3474 3480 3485 3490 3495 3499 3504 3508 3511 3515 3518 3520 3523 3525 3526 3528 3529 3530 3531 3531 3531 3532 3532 3532 3532 3532 3532 3532 3533 3533 3534 3535 3536 3538 3540 3542
3121 3129 3137 3145 3153 3160 3168 3176 3183 3191 3198 3205 3213 3220 3227 3235 3242 3249 3257 3264 3271 3278 3286 3293 3300 3308 3315 3323 3330 3337 3345 3352 3360 3367 3375 3382 3390 3397 3405 3412 3419 3427 3434 3441 3448 3454 3461 3468 3474 3480 3486 3491 3496 3502 3506 3511 3515 3519 3522 3525 3528 3530 3532 3534 3536 3537 3538 3539 3539 3539 3539 3540 3540 3540 3539 3540 3540 3540 3541 3542 3543 3544 3546 3548 3550
3123 3131 3139 3147 3154 3162 3170 3177 3185 3192 3200 3207 3215 3222 3229 3236 3244 3251 3258 3266 3273 3280 3287 3295 3302 3310 3317 3324 3332 3339 3347 3355 3362 3370 3377 3385 3393 3400 3408 3415 3423 3430 3438 3445 3452 3459 3466 3473 3479 3485 3491 3497 3503 3508 3513 3518 3522 3526 3529 3533 3536 3538 3540 3542 3544 3545 3546 3547 3547 3547 3547 3547 3547 3547 3547 3547 3547 3548 3548 3549 3550 3552 3554 3556 3559
3125 3133 3141 3148 3156 3164 3172 3179 3187 3194 3201 3209 3216 3223 3231 3238 3245 3253 3260 3267 3274 3282 3289 3296 3304 3311 3319 3326 3334 3341 3349 3357 3364 3372 3380 3388 3395 3403 3411 3419 3426 3434 3442 3449 3457 3464 3471 3478 3485 3491 3497 3503 3509 3515 3520 3525 3529 3533 3537 3540 3543 3546 3548 3550 3552 3553 3554 3555 3555 3555 3555 3555 3555 3555 3555 3555 3555 3555 3556 3557 3558 3560 3562 3564 3567
3127 3135 3143 3150 3158 3166 3173 3181 3188 3196 3203 3210 3218 3225 3232 3239 3247 3254 3261 3268 3276 3283 3290 3298 3305 3313 3320 3328 3335 3343 3351 3359 3366 3374 3382 3390 3398 3406 3414 3422 3430 3438 3445 3453 3461 3468 3476 3483 3490 3497 3503 3509 3515 3521 3526 3531 3536 3540 3544 3548 3551 3554 3556 3558 3560 3561 3562 3563 3563 3563 3564 3563 3563 3563 3563 3563 3563 3563 3563 3564 3566 3567 3570 3573 3576
3129 3137 3144 3152 3160 3168 3175 3183 3190 3197 3205 3212 3219 3226 3234 3241 3248 3255 3263 3270 3277 3284 3292 3299 3307 3314 3322 3329 3337 3345 3353 3360 3368 3376 3384 3392 3401 3409 3417 3425 3433 3441 3449 3457 3465 3473 3480 3488 3495 3502 3509 3515 3522 3527 3533 3538 3543 3548 3552 3556 3559 3562 3564 3566 3568 3569 3570 3571 3571 3572 3572 3572 3571 3571 3571 3571 3570 3571 3571 3572 3573 3575 3578 3581 3584
3130 3138 3146 3154 3162 3169 3177 3184 3192 3199 3206 3213 3221 3228 3235 3242 3249 3257 3264 3271 3278 3286 3293 3300 3308 3315 3323 3331 3338 3346 3354 3362 3370 3378 3386 3394 3403 3411 3419 3428 3436 3444 3452 3461 3469 3477 3485 3492 3500 3507 3514 3521 3528 3534 3540 3545 3550 3555 3559 3563 3567 3570 3572 3574 3576 3578 3579 3579 3580 3580 3580 3580 3580 3579 3579 3579 3578 3578 3579 3580 3581 3583 3586 3589 3593
3132 3140 3148 3156 3164 3171 3179 3186 3193 3201 3208 3215 3222 3229 3236 3243 3251 3258 3265 3272 3279 3287 3294 3301 3309 3316 3324 3332 3340 3347 3355 3363 3372 3380 3388 3396 3405 3413 3422 3430 3439 3447 3456 3464 3472 3481 3489 3497 3505 3512 3520 3527 3534 3540 3546 3552 3557 3562 3567 3571 3574 3578 3580 3583 3584 3586 3587 3588 3588 3588 3588 3588 3588 3587 3587 3587 3586 3586 3587 3587 3589 3591 3594 3597 3602
3134 3142 3150 3158 3165 3173 3180 3188 3195 3202 3209 3216 3223 3231 3238 3245 3252 3259 3266 3273 3280 3288 3295 3302 3310 3317 3325 3333 3341 3348 3356 3365 3373 3381 3389 3398 3406 3415 3424 3432 3441 3450 3459 3467 3476 3485 3493 3501 3509 3517 3525 3532 3539 3546 3553 3559 3564 3570 3574 3578 3582 3586 3588 3591 3593 3594 3595 3596 3597 3597 3597 3597 3596 3596 3595 3595 3595 3595 3595 3596 3597 3599 3602 3606 3611
3136 3144 3152 3160 3167 3175 3182 3189 3196 3204 3211 3218 3225 3232 3239 3246 3253 3260 3267 3274 3281 3288 3296 3303 3311 3318 3326 3333 3341 3349 3357 3366 3374 3382 3391 3399 3408 3417 3426 3435 3443 3452 3461 3470 3479 3488 3497 3505 3514 3522 3530 3538 3545 3552 3559 3565 3571 3577 3582 3586 3590 3593 3596 3599 3601 3603 3604 3605 3605 3605 3605 3605 3605 3604 3604 3603 3603 3603 3603 3604 3605 3607 3610 3615 3620
3138 3146 3154 3161 3169 3176 3184 3191 3198 3205 3212 3219 3226 3233 3240 3247 3254 3261 3268 3275 3282 3289 3296 3304 3311 3319 3326 3334 3342 3350 3358 3366 3375 3383 3392 3400 3409 3418 3427 3436 3445 3455 3464 3473 3482 3491 3500 3509 3518 3527 3535 3543 3551 3558 3565 3572 3578 3584 3589 3594 3598 3601 3604 3607 3609 3611 3612 3613 3613 3614 3614 3613 3613 3613 3612 3612 3612 3612 3612 3613 3614 3616 3619 3624 3629
3140 3148 3156 3163 3171 3178 3185 3192 3199 3206 3213 3220 3227 3234 3241 3248 3255 3261 3268 3275 3282 3290 3297 3304 3311 3319 3327 3334 3342 3350 3358 3367 3375 3384 3392 3401 3410 3419 3429 3438 3447 3457 3466 3476 3485 3494 3504 3513 3522 3531 3540 3548 3556 3564 3571 3578 3585 3591 3596 3601 3605 3609 3612 3615 3617 3619 3620 3621 3622 3622 3622 3622 3622 3621 3621 3621 3621 3621 3621 3622 3623 3626 3629 3634 3639
3142 3150 3158 3165 3172 3180 3187 3194 3201 3208 3215 3221 3228 3235 3242 3249 3255 3262 3269 3276 3283 3290 3297 3304 3312 3319 3327 3335 3342 3350 3359 3367 3375 3384 3393 3402 3411 3420 3430 3439 3449 3458 3468 3478 3487 3497 3507 3516 3526 3535 3544 3553 3561 3569 3577 3584 3591 3597 3603 3608 3613 3617 3620 3623 3625 3627 3628 3629 3630 3630 3630 3630 3630 3630 3630 3629 3629 3630 3630 3631 3633 3636 3640 3644 3650
3144 3152 3160 3167 3174 3181 3188 3195 3202 3209 3216 3223 3229 3236 3243 3249 3256 3263 3270 3276 3283 3290 3297 3304 3312 3319 3327 3334 3342 3350 3359 3367 3375 3384 3393 3402 3411 3421 3430 3440 3450 3460 3470 3480 3490 3500 3510 3519 3529 3539 3548 3557 3566 3574 3583 3590 3597 3604 3610 3615 3620 3624 3628 3631 3633 3635 3636 3637 3638 3638 3638 3638 3638 3638 3638 3638 3638 3639 3640 3641 3643 3646 3650 3654 3660
3147 3154 3162 3169 3176 3183 3190 3197 3204 3210 3217 3224 3230 3237 3244 3250 3257 3263 3270 3277 3283 3290 3297 3304 3312 3319 3327 3334 3342 3350 3358 3367 3375 3384 3393 3402 3411 3421 3431 3440 3450 3461 3471 3481 3491 3502 3512 3522 3532 3542 3552 3561 3571 3579 3588 3596 3603 3610 3616 3622 3627 3631 3635 3638 3641 3643 3644 3645 3646 3646 3646 3646 3646 3646 3646 3647 3647 3648 3649 3651 3653 3656 3660 3665 3670
3149 3156 3164 3171 3178 3185 3192 3199 3205 3212 3218 3225 3231 3238 3244 3251 3257 3264 3270 3277 3284 3290 3297 3304 3311 3319 3326 3334 3342 3350 3358 3366 3375 3384 3393 3402 3411 3421 3431 3441 3451 3461 3472 3482 3493 3503 3514 3524 3535 3545 3555 3565 3575 3584 3593 3601 3609 3616 3623 3629 3634 3638 3642 3645 3648 3650 3651 3652 3653 3654 3654 3654 3654 3654 3655 3655 3655 3656 3658 3660 3662 3666 3669 3674 3680
3151 3158 3166 3173 3180 3187 3193 3200 3207 3213 3220 3226 3232 3239 3245 3251 3258 3264 3270 3277 3284 3290 3297 3304 3311 3318 3325 3333 3341 3349 3357 3365 3374 3383 3392 3401 3411 3420 3430 3441 3451 3461 3472 3483 3494 3505 3515 3526 3537 3548 3558 3569 3578 3588 3597 3606 3614 3622 3629 3635 3640 3645 3649 3652 3655 3657 3658 3659 3660 3661 3661 3661 3662 3662 3662 3663 3663 3665 3666 3668 3671 3674 3678 3683 3689
3153 3160 3168 3175 3182 3188 3195 3202 3208 3215 3221 3227 3233 3240 3246 3252 3258 3264 3271 3277 3283 3290 3297 3303 3310 3317 3325 3332 3340 3348 3356 3364 3373 3382 3391 3400 3410 3420 3430 3440 3451 3461 3472 3483 3494 3505 3517 3528 3539 3550 3561 3571 3582 3592 3601 3610 3619 3627 3634 3641 3646 3651 3655 3659 3661 3663 3665 3666 3667 3667 3668 3668 3668 3669 3669 3670 3671 3672 3674 3676 3679 3683 3687 3691 3697
3155 3163 3170 3177 3184 3190 3197 3203 3210 3216 3222 3228 3234 3240 3246 3252 3258 3265 3271 3277 3283 3289 3296 3303 3309 3316 3324 3331 3339 3346 3354 3363 3371 3380 3389 3399 3408 3418 3429 3439 3450 3461 3472 3483 3494 3506 3517 3529 3540 3552 3563 3574 3585 3595 3605 3614 3623 3632 3639 3646 3652 3657 3661 3664 3667 3669 3671 3672 3673 3673 3674 3674 3675 3675 3676 3677 3678 3679 3681 3683 3686 3690 3694 3699 3704
3158 3165 3172 3179 3185 3192 3199 3205 3211 3217 3223 3229 3235 3241 3247 3253 3259 3265 3271 3277 3283 3289 3295 3302 3308 3315 3322 3330 3337 3345 3353 3361 3370 3379 3388 3397 3407 3417 3427 3438 3449 3460 3471 3482 3494 3506 3518 3530 3541 3553 3565 3576 3587 3598 3608 3618 3627 3636 3644 3651 3657 3662 3666 3670 3672 3674 3676 3677 3678 3679 3679 3680 3680 3681 3682 3682 3684 3685 3687 3690 3693 3696 3701 3705 3710
3160 3167 3174 3181 3187 3194 3200 3206 3213 3219 3225 3230 3236 3242 3248 3253 3259 3265 3270 3276 3282 3288 3295 3301 3307 3314 3321 3328 3335 3343 3351 3359 3368 3376 3386 3395 3405 3415 3425 3436 3447 3458 3470 3481 3493 3505 3518 3530 3542 3554 3566 3577 3589 3600 3611 3621 3630 3639 3648 3655 3661 3667 3671 3674 3677 3679 3680 3682 3683 3683 3684 3684 3685 3686 3686 3688 3689 3691 3693 3695 3698 3702 3706 3711 3716
3162 3169 3176 3183 3190 3196 3202 3208 3214 3220 3226 3231 3237 3243 3248 3254 3259 3265 3270 3276 3282 3288 3294 3300 3306 3313 3319 3326 3334 3341 3349 3357 3365 3374 3383 3393 3402 3413 3423 3434 3445 3456 3468 3480 3492 3504 3517 3529 3542 3554 3566 3578 3590 3601 3612 3623 3633 3642 3651 3658 3665 3670 3674 3678 3680 3682 3684 3685 3686 3687 3688 3688 3689 3690 3691 3692 3693 3695 3697 3699 3703 3706 3710 3715 3720
3165 3172 3179 3185 3192 3198 3204 3210 3216 3221 3227 3233 3238 3243 3249 3254 3259 3265 3270 3276 3281 3287 3293 3298 3305 3311 3318 3324 3331 3339 3346 3354 3363 3371 3381 3390 3400 3410 3420 3431 3443 3454 3466 3478 3490 3503 3516 3528 3541 3554 3566 3579 3591 3602 3613 3624 3634 3644 3653 3661 3667 3673 3677 3680 3683 3685 3687 3688 3689 3690 3691 3691 3692 3693 3694 3695 3696 3698 3700 3703 3706 3709 3713 3718 3722
3167 3174 3181 3188 3194 3200 3206 3212 3217 3223 3228 3234 3239 3244 3249 3254 3260 3265 3270 3275 3280 3286 3291 3297 3303 3309 3316 3322 3329 3336 3344 3352 3360 3369 3378 3387 3397 3407 3417 3428 3440 3451 3463 3476 3488 3501 3514 3527 3540 3553 3566 3578 3591 3603 3614 3625 3635 3645 3654 3661 3668 3674 3678 3682 3685 3687 3689 3690 3691 3692 3693 3693 3694 3695 3696 3697 3698 3700 3702 3705 3708 3711 3715 3719 3724
3170 3177 3184 3190 3196 3202 3208 3214 3219 3225 3230 3235 3240 3245 3250 3255 3260 3265 3270 3275 3280 3285 3290 3296 3301 3307 3313 3320 3327 3334 3341 3349 3357 3365 3374 3384 3393 3403 3414 3425 3436 3448 3460 3473 3486 3499 3512 3525 3538 3552 3565 3578 3590 3602 3614 3625 3635 3645 3654 3661 3668 3674 3678 3682 3685 3687 3689 3691 3692 3693 3694 3694 3695 3696 3697 3698 3699 3701 3703 3706 3708 3712 3715 3719 3724
3173 3180 3186 3192 3198 3204 3210 3216 3221 3226 3231 3236 3241 3246 3251 3255 3260 3265 3269 3274 3279 3284 3289 3294 3300 3305 3311 3317 3324 3331 3338 3345 3353 3362 3371 3380 3389 3400 3410 3421 3433 3445 3457 3470 3483 3496 3509 3523 3536 3550 3563 3576 3589 3601 3613 3624 3634 3644 3653 3660 3667 3673 3678 3682 3685 3687 3689 3691 3692 3693 3694 3694 3695 3696 3697 3698 3699 3701 3703 3705 3708 3711 3715 3718 3723
3176 3182 3189 3195 3201 3207 3212 3218 3223 3228 3233 3238 3242 3247 3251 3256 3260 3265 3269 3274 3278 3283 3288 3293 3298 3303 3309 3315 3321 3328 3334 3342 3350 3358 3367 3376 3385 3396 3406 3417 3429 3441 3453 3466 3479 3492 3506 3520 3534 3548 3561 3575 3587 3600 3611 3622 3633 3642 3651 3659 3666 3671 3676 3680 3683 3686 3688 3689 3691 3692 3693 3693 3694 3695 3696 3697 3698 3700 3701 3704 3706 3709 3712 3716 3720
3179 3185 3192 3198 3203 3209 3215 3220 3225 3230 3234 3239 3243 3248 3252 3256 3260 3265 3269 3273 3277 3282 3286 3291 3296 3301 3306 3312 3318 3324 3331 3338 3346 3354 3362 3371 3381 3391 3402 3413 3424 3436 3449 3462 3475 3489 3503 3517 3531 3545 3559 3572 3585 3598 3609 3620 3631 3640 3649 3656 3663 3669 3674 3678 3681 3684 3686 3687 3689 3690 3691 3691 3692 3693 3694 3695 3696 3697 3699 3701 3703 3706 3709 3712 3716
3182 3188 3194 3200 3206 3212 3217 3222 3227 3232 3236 3241 3245 3249 3253 3257 3261 3265 3269 3273 3276 3281 3285 3289 3294 3298 3304 3309 3315 3321 3327 3334 3342 3349 3358 3367 3376 3386 3397 3408 3419 3432 3444 3457 3471 3485 3499 3513 3528 3542 3556 3570 3583 3595 3607 3618 3628 3638 3646 3654 3660 3666 3671 3675 3678 3681 3683 3684 3686 3687 3688 3688 3689 3690 3690 3691 3692 3693 3695 3697 3699 3701 3704 3707 3710
3185 3191 3197 3203 3209 3214 3219 3224 3229 3234 3238 3242 3246 3250 3254 3258 3261 3265 3268 3272 3276 3279 3283 3287 3292 3296 3301 3306 3311 3317 3323 3330 3337 3345 3353 3362 3371 3381 3392 3403 3414 3427 3439 3452 3466 3480 3495 3510 3524 3539 3553 3567 3580 3592 3604 3615 3625 3634 3643 3650 3656 3662 3667 3671 3674 3677 3679 3681 3682 3683 3684 3684 3685 3685 3686 3687 3687 3688 3690 3691 3693 3695 3697 3700 3703
3188 3195 3201 3206 3212 3217 3222 3227 3231 3236 3240 3244 3248 3251 3255 3258 3262 3265 3268 3272 3275 3278 3282 3286 3290 3294 3298 3303 3308 3313 3319 3326 3333 3340 3348 3357 3366 3376 3386 3397 3409 3421 3434 3447 3461 3476 3490 3506 3521 3535 3550 3563 3577 3589 3601 3612 3621 3631 3639 3646 3652 3658 3662 3666 3670 3672 3674 3676 3677 3678 3679 3679 3680 3680 3681 3681 3682 3682 3683 3685 3686 3688 3690 3692 3695
3192 3198 3204 3210 3215 3220 3225 3230 3234 3238 3242 3246 3249 3253 3256 3259 3262 3265 3268 3271 3274 3277 3281 3284 3287 3291 3295 3300 3304 3309 3315 3321 3328 3335 3343 3351 3360 3370 3381 3392 3404 3416 3429 3442 3456 3471 3486 3501 3517 3532 3546 3560 3573 3585 3597 3608 3617 3626 3634 3641 3647 3653 3657 3661 3664 3667 3669 3670 3671 3672 3673 3673 3673 3674 3674 3674 3675 3675 3676 3677 3678 3679 3681 3683 3685
3195 3201 3207 3213 3218 3223 3228 3232 3237 3241 3244 3248 3251 3255 3258 3260 3263 3266 3269 3271 3274 3277 3279 3282 3285 3289 3292 3296 3301 3305 3311 3316 3323 3330 3337 3346 3355 3364 3375 3386 3398 3410 3423 3437 3451 3466 3482 3497 3512 3528 3542 3556 3569 3582 3593 3603 3613 3622 3629 3636 3642 3647 3651 3655 3658 3660 3662 3664 3665 3665 3666 3666 3666 3666 3666 3666 3666 3667 3667 3668 3668 3669 3671 3672 3674
