cdd18ann.txt
ncols         501
nrows         361
xllcorner     109.95
yllcorner     -45.05
cellsize      0.1
NODATA_value  -9999
[rows 152 to 189 of 361, columns 255 to 339 of 501]
1974 1987 2000 2013 2026 2039 2051 2064 2077 2090 2103 2116 2129 2142 2156 2169 2182 2195 2207 2220 2233 2245 2257 2269 2281 2293 2304 2315 2326 2337 2347 2357 2367 2376 2385 2394 2402 2410 2418 2424 2431 2437 2442 2447 2452 2456 2459 2462 2464 2466 2467 2467 2467 2467 2466 2465 2463 2461 2458 2455 2451 2447 2442 2437 2432 2426 2420 2413 2406 2399 2391 2383 2375 2366 2357 2348 2338 2328 2318 2307 2296 2285 2273 2261 2249
1976 1988 2001 2014 2027 2039 2052 2065 2077 2090 2103 2116 2129 2141 2154 2167 2180 2192 2205 2217 2230 2242 2254 2265 2277 2288 2299 2310 2321 2331 2341 2351 2361 2370 2378 2387 2395 2402 2410 2416 2422 2428 2434 2438 2442 2446 2449 2452 2454 2456 2457 2458 2458 2457 2456 2455 2453 2451 2448 2445 2441 2437 2433 2428 2422 2417 2410 2404 2397 2390 2382 2374 2366 2357 2348 2339 2329 2319 2308 2298 2287 2275 2263 2251 2239
1978 1990 2003 2015 2028 2040 2053 2065 2078 2090 2103 2116 2128 2141 2153 2166 2178 2190 2203 2215 2227 2239 2250 2262 2273 2284 2295 2305 2316 2326 2336 2345 2354 2363 2372 2380 2387 2395 2402 2408 2414 2420 2425 2429 2433 2437 2440 2442 2445 2446 2447 2448 2448 2447 2446 2445 2443 2441 2438 2435 2431 2427 2423 2418 2413 2407 2401 2395 2388 2381 2373 2365 2357 2348 2339 2330 2320 2310 2299 2288 2277 2266 2254 2241 2228
1980 1992 2005 2017 2030 2042 2054 2066 2079 2091 2103 2116 2128 2140 2152 2165 2177 2189 2201 2212 2224 2235 2247 2258 2269 2280 2290 2301 2311 2320 2330 2339 2348 2356 2365 2372 2380 2387 2394 2400 2406 2411 2416 2420 2424 2427 2430 2433 2435 2436 2437 2438 2438 2437 2436 2435 2433 2431 2428 2425 2421 2418 2413 2408 2403 2397 2391 2385 2378 2371 2364 2356 2347 2339 2330 2320 2311 2300 2290 2279 2268 2256 2244 2231 2218
1983 1995 2007 2020 2032 2044 2056 2068 2080 2092 2104 2116 2128 2140 2152 2164 2175 2187 2199 2210 2221 2233 2244 2254 2265 2276 2286 2296 2305 2315 2324 2333 2342 2350 2358 2365 2372 2379 2386 2392 2397 2402 2407 2411 2415 2418 2421 2423 2425 2426 2427 2428 2428 2427 2426 2425 2423 2421 2418 2415 2412 2408 2403 2398 2393 2388 2382 2376 2369 2362 2354 2346 2338 2329 2320 2311 2301 2291 2280 2269 2258 2246 2234 2221 2208
1986 1998 2010 2022 2034 2046 2058 2069 2081 2093 2105 2116 2128 2140 2151 2163 2174 2186 2197 2208 2219 2230 2240 2251 2261 2271 2281 2291 2300 2310 2318 2327 2335 2343 2351 2358 2365 2371 2378 2383 2389 2393 2398 2402 2405 2408 2411 2413 2415 2416 2417 2418 2417 2417 2416 2415 2413 2411 2408 2405 2401 2398 2393 2389 2383 2378 2372 2366 2359 2352 2345 2337 2329 2320 2311 2302 2292 2282 2271 2260 2248 2236 2224 2211 2197
1989 2001 2013 2025 2036 2048 2060 2071 2083 2094 2105 2117 2128 2140 2151 2162 2173 2184 2195 2206 2217 2227 2237 2248 2258 2267 2277 2286 2295 2304 2313 2321 2329 2336 2344 2351 2357 2364 2369 2375 2380 2385 2389 2393 2396 2399 2401 2403 2405 2406 2407 2407 2407 2407 2406 2404 2402 2400 2398 2395 2391 2387 2383 2379 2373 2368 2362 2356 2349 2342 2335 2327 2319 2311 2302 2292 2282 2272 2261 2250 2239 2226 2214 2201 2187
1993 2004 2016 2027 2039 2050 2061 2073 2084 2095 2106 2117 2128 2139 2150 2161 2172 2183 2193 2204 2214 2224 2234 2244 2254 2263 2272 2281 2290 2299 2307 2315 2322 2330 2337 2343 2350 2356 2361 2366 2371 2376 2380 2383 2386 2389 2391 2393 2395 2396 2397 2397 2397 2396 2395 2394 2392 2390 2387 2384 2381 2377 2373 2368 2363 2358 2352 2346 2340 2333 2325 2318 2310 2301 2292 2283 2273 2263 2252 2241 2229 2217 2204 2191 2177
1996 2008 2019 2030 2041 2052 2063 2074 2085 2096 2107 2118 2129 2139 2150 2161 2171 2181 2192 2202 2212 2221 2231 2241 2250 2259 2268 2276 2285 2293 2301 2309 2316 2323 2330 2336 2342 2348 2353 2358 2362 2367 2370 2374 2377 2379 2381 2383 2385 2386 2386 2386 2386 2386 2385 2383 2381 2379 2377 2374 2370 2367 2363 2358 2353 2348 2342 2336 2330 2323 2316 2308 2300 2291 2282 2273 2263 2253 2242 2231 2219 2207 2194 2181 2167
2000 2011 2022 2033 2044 2054 2065 2076 2087 2097 2108 2118 2129 2139 2150 2160 2170 2180 2190 2200 2209 2219 2228 2237 2246 2255 2263 2272 2280 2287 2295 2302 2309 2316 2322 2328 2334 2339 2344 2349 2353 2357 2361 2364 2367 2369 2371 2373 2374 2375 2376 2376 2375 2375 2374 2372 2371 2369 2366 2363 2360 2356 2352 2348 2343 2338 2332 2326 2320 2313 2306 2298 2290 2282 2273 2264 2254 2244 2233 2222 2210 2197 2185 2171 2157
2003 2014 2024 2035 2046 2056 2067 2077 2088 2098 2108 2119 2129 2139 2149 2159 2169 2178 2188 2197 2207 2216 2225 2233 2242 2250 2258 2266 2274 2282 2289 2296 2302 2309 2315 2321 2326 2331 2336 2340 2344 2348 2351 2354 2357 2359 2361 2363 2364 2364 2365 2365 2365 2364 2363 2361 2360 2358 2355 2352 2349 2345 2342 2337 2332 2327 2322 2316 2310 2303 2296 2288 2280 2272 2263 2254 2244 2234 2223 2212 2200 2188 2175 2162 2148
2005 2016 2027 2037 2048 2058 2068 2079 2089 2099 2109 2119 2129 2138 2148 2158 2167 2177 2186 2195 2204 2213 2221 2230 2238 2246 2254 2261 2269 2276 2283 2289 2295 2302 2307 2313 2318 2323 2327 2331 2335 2339 2342 2344 2347 2349 2351 2352 2353 2354 2354 2354 2354 2353 2352 2350 2349 2347 2344 2341 2338 2335 2331 2327 2322 2317 2312 2306 2300 2293 2286 2279 2271 2262 2254 2245 2235 2225 2214 2203 2191 2179 2166 2152 2138
2007 2018 2028 2039 2049 2059 2069 2079 2089 2099 2109 2119 2128 2138 2147 2156 2166 2175 2184 2192 2201 2209 2218 2226 2233 2241 2249 2256 2263 2270 2276 2282 2288 2294 2300 2305 2310 2314 2318 2322 2326 2329 2332 2334 2336 2338 2340 2341 2342 2343 2343 2343 2342 2342 2341 2339 2337 2335 2333 2330 2327 2324 2320 2316 2311 2306 2301 2295 2289 2283 2276 2269 2261 2253 2244 2235 2225 2215 2205 2194 2182 2169 2157 2143 2129
2009 2020 2030 2040 2050 2060 2070 2080 2090 2099 2109 2118 2128 2137 2146 2155 2164 2173 2181 2190 2198 2206 2214 2221 2229 2236 2243 2250 2257 2263 2269 2275 2281 2286 2292 2296 2301 2305 2309 2313 2316 2319 2322 2324 2326 2328 2329 2330 2331 2331 2331 2331 2331 2330 2329 2328 2326 2324 2322 2319 2316 2313 2309 2305 2300 2296 2290 2285 2279 2273 2266 2259 2251 2243 2235 2226 2216 2206 2196 2184 2173 2160 2148 2134 2120
2010 2020 2031 2041 2051 2061 2071 2080 2090 2099 2108 2118 2127 2136 2145 2153 2162 2170 2178 2187 2194 2202 2210 2217 2224 2231 2238 2244 2251 2257 2263 2268 2274 2279 2283 2288 2292 2296 2300 2303 2306 2309 2311 2313 2315 2317 2318 2319 2319 2320 2320 2320 2319 2318 2317 2316 2314 2312 2310 2307 2304 2301 2298 2294 2289 2285 2280 2274 2269 2262 2256 2249 2241 2233 2225 2216 2207 2197 2187 2175 2164 2152 2139 2125 2111
2010 2021 2031 2041 2051 2061 2070 2080 2089 2099 2108 2117 2126 2134 2143 2151 2159 2168 2175 2183 2191 2198 2205 2212 2219 2226 2232 2238 2244 2250 2256 2261 2266 2270 2275 2279 2283 2287 2290 2293 2296 2298 2301 2302 2304 2305 2306 2307 2308 2308 2308 2308 2307 2306 2305 2304 2302 2300 2298 2296 2293 2290 2286 2282 2278 2274 2269 2264 2258 2252 2246 2239 2232 2224 2216 2207 2198 2188 2178 2167 2155 2143 2130 2117 2103
2010 2020 2031 2041 2051 2060 2070 2079 2088 2098 2106 2115 2124 2132 2141 2149 2157 2165 2172 2180 2187 2194 2201 2208 2214 2220 2226 2232 2238 2243 2248 2253 2258 2262 2266 2270 2274 2277 2280 2283 2286 2288 2290 2291 2293 2294 2295 2295 2296 2296 2296 2296 2295 2294 2293 2292 2290 2288 2286 2284 2281 2278 2275 2271 2267 2263 2258 2253 2248 2242 2235 2229 2222 2214 2206 2198 2188 2179 2169 2158 2147 2135 2122 2109 2095
2009 2019 2030 2040 2050 2059 2069 2078 2087 2096 2105 2113 2122 2130 2138 2146 2154 2161 2169 2176 2183 2190 2196 2202 2208 2214 2220 2226 2231 2236 2241 2245 2249 2253 2257 2261 2264 2267 2270 2273 2275 2277 2278 2280 2281 2282 2283 2283 2284 2284 2284 2283 2283 2282 2281 2279 2278 2276 2274 2272 2269 2266 2263 2259 2256 2251 2247 2242 2237 2231 2225 2219 2212 2204 2197 2188 2179 2170 2160 2149 2138 2126 2114 2101 2087
2007 2018 2028 2038 2048 2058 2067 2076 2085 2094 2103 2111 2120 2128 2135 2143 2151 2158 2165 2172 2178 2185 2191 2197 2203 2208 2214 2219 2223 2228 2233 2237 2241 2244 2248 2251 2254 2257 2259 2262 2264 2265 2267 2268 2269 2270 2270 2271 2271 2271 2271 2270 2270 2269 2268 2267 2265 2263 2261 2259 2257 2254 2251 2248 2244 2240 2236 2231 2226 2221 2215 2209 2202 2195 2187 2179 2170 2161 2151 2141 2130 2118 2106 2093 2079
2005 2015 2026 2036 2046 2056 2065 2074 2083 2092 2100 2109 2117 2125 2132 2140 2147 2154 2161 2167 2173 2180 2185 2191 2197 2202 2207 2211 2216 2220 2224 2228 2232 2235 2238 2241 2244 2246 2248 2250 2252 2254 2255 2256 2257 2257 2258 2258 2258 2258 2258 2257 2257 2256 2255 2254 2252 2251 2249 2247 2244 2242 2239 2236 2232 2228 2224 2220 2215 2210 2204 2198 2192 2185 2177 2170 2161 2152 2143 2132 2122 2110 2098 2085 2072
2001 2012 2023 2033 2043 2053 2062 2072 2080 2089 2097 2106 2113 2121 2129 2136 2143 2149 2156 2162 2168 2174 2180 2185 2190 2195 2199 2204 2208 2212 2216 2219 2222 2225 2228 2231 2233 2235 2237 2239 2240 2241 2242 2243 2244 2244 2245 2245 2245 2245 2244 2244 2243 2242 2241 2240 2239 2237 2236 2234 2231 2229 2226 2223 2220 2216 2213 2208 2204 2199 2194 2188 2182 2175 2168 2160 2152 2143 2134 2124 2114 2102 2091 2078 2065
1998 2009 2020 2030 2040 2050 2059 2068 2077 2086 2094 2102 2110 2117 2124 2131 2138 2145 2151 2157 2163 2168 2173 2178 2183 2188 2192 2196 2200 2203 2207 2210 2213 2215 2218 2220 2222 2224 2225 2227 2228 2229 2230 2230 2231 2231 2231 2231 2231 2231 2231 2230 2230 2229 2228 2227 2225 2224 2222 2220 2218 2216 2213 2211 2208 2204 2201 2197 2192 2188 2183 2177 2171 2165 2158 2151 2143 2135 2126 2116 2106 2095 2083 2071 2058
1993 2005 2016 2026 2036 2046 2056 2065 2073 2082 2090 2098 2106 2113 2120 2127 2133 2140 2146 2151 2157 2162 2167 2171 2176 2180 2184 2188 2191 2194 2197 2200 2203 2205 2207 2209 2210 2212 2213 2214 2215 2216 2217 2217 2217 2218 2218 2218 2217 2217 2217 2216 2215 2215 2214 2213 2211 2210 2208 2207 2205 2203 2200 2198 2195 2192 2189 2185 2181 2177 2172 2167 2161 2155 2149 2141 2134 2126 2117 2108 2098 2087 2076 2064 2051
1988 2000 2011 2022 2032 2042 2051 2060 2069 2078 2086 2093 2101 2108 2115 2122 2128 2134 2140 2145 2150 2155 2160 2164 2168 2172 2176 2179 2182 2185 2187 2190 2192 2194 2196 2197 2199 2200 2201 2202 2202 2203 2203 2203 2203 2204 2203 2203 2203 2203 2202 2202 2201 2200 2199 2198 2197 2196 2194 2193 2191 2189 2187 2185 2182 2179 2176 2173 2169 2165 2161 2156 2151 2145 2139 2132 2125 2117 2108 2099 2090 2080 2069 2057 2044
1983 1995 2006 2017 2027 2037 2047 2056 2064 2073 2081 2088 2096 2103 2110 2116 2122 2128 2133 2139 2144 2148 2152 2157 2160 2164 2167 2170 2173 2175 2177 2179 2181 2183 2184 2185 2186 2187 2188 2188 2189 2189 2189 2189 2189 2189 2189 2188 2188 2188 2187 2187 2186 2185 2184 2183 2182 2181 2180 2179 2177 2175 2173 2171 2169 2166 2164 2161 2157 2153 2149 2145 2140 2135 2129 2122 2115 2108 2100 2091 2082 2072 2061 2050 2038
1977 1989 2000 2011 2022 2032 2041 2050 2059 2067 2075 2083 2090 2097 2104 2110 2116 2121 2127 2132 2136 2141 2145 2148 2152 2155 2158 2160 2163 2165 2167 2168 2170 2171 2172 2173 2174 2174 2174 2175 2175 2175 2175 2175 2174 2174 2174 2173 2173 2172 2172 2171 2171 2170 2169 2168 2167 2166 2165 2164 2163 2161 2159 2158 2156 2153 2151 2148 2145 2141 2138 2134 2129 2124 2119 2113 2106 2099 2091 2083 2074 2065 2054 2043 2032
1971 1983 1994 2005 2016 2026 2035 2044 2053 2061 2069 2077 2084 2091 2097 2103 2109 2114 2120 2124 2129 2133 2136 2140 2143 2146 2148 2151 2153 2154 2156 2157 2158 2159 2160 2160 2160 2161 2161 2161 2160 2160 2160 2160 2159 2159 2158 2158 2157 2157 2156 2155 2155 2154 2153 2153 2152 2151 2150 2149 2148 2146 2145 2143 2142 2140 2138 2135 2132 2129 2126 2122 2118 2113 2108 2103 2097 2090 2083 2075 2066 2057 2047 2036 2025
1964 1976 1988 1999 2009 2019 2029 2038 2047 2055 2063 2070 2077 2084 2090 2096 2102 2107 2112 2116 2121 2124 2128 2131 2134 2136 2138 2140 2142 2143 2144 2145 2146 2146 2147 2147 2147 2147 2146 2146 2146 2145 2145 2144 2143 2143 2142 2142 2141 2140 2140 2139 2138 2138 2137 2137 2136 2135 2134 2134 2133 2132 2130 2129 2128 2126 2124 2122 2119 2117 2114 2110 2107 2102 2098 2093 2087 2081 2074 2066 2058 2049 2040 2030 2019
1956 1969 1980 1992 2002 2012 2022 2031 2040 2048 2056 2063 2070 2077 2083 2089 2094 2099 2104 2108 2112 2116 2119 2122 2124 2126 2128 2130 2131 2132 2132 2133 2133 2133 2133 2133 2133 2132 2132 2131 2130 2129 2129 2128 2127 2126 2126 2125 2124 2124 2123 2122 2122 2121 2121 2120 2120 2119 2118 2118 2117 2116 2115 2114 2113 2112 2110 2108 2106 2104 2101 2098 2095 2091 2087 2082 2077 2071 2065 2058 2050 2042 2033 2023 2012
1948 1961 1973 1984 1995 2005 2014 2024 2032 2040 2048 2056 2062 2069 2075 2081 2086 2091 2095 2099 2103 2106 2109 2112 2114 2116 2117 2118 2119 2120 2120 2120 2120 2120 2119 2119 2118 2117 2116 2115 2114 2113 2112 2111 2110 2109 2109 2108 2107 2106 2106 2105 2105 2104 2104 2103 2103 2102 2102 2101 2101 2100 2100 2099 2098 2097 2096 2094 2093 2091 2088 2086 2083 2080 2076 2072 2067 2062 2056 2049 2042 2034 2025 2016 2006
1940 1952 1964 1976 1986 1997 2006 2015 2024 2032 2040 2047 2054 2061 2067 2072 2077 2082 2086 2090 2094 2097 2099 2101 2103 2105 2106 2107 2107 2107 2107 2107 2107 2106 2105 2104 2103 2102 2101 2099 2098 2097 2095 2094 2093 2092 2091 2090 2089 2089 2088 2087 2087 2086 2086 2086 2085 2085 2085 2085 2084 2084 2084 2083 2083 2082 2081 2080 2079 2077 2075 2073 2071 2068 2065 2061 2057 2052 2046 2040 2034 2026 2018 2009 1999
1931 1944 1956 1967 1978 1988 1998 2007 2016 2024 2031 2039 2046 2052 2058 2063 2068 2073 2077 2080 2084 2086 2089 2091 2092 2093 2094 2095 2095 2095 2094 2093 2092 2091 2090 2089 2087 2086 2084 2083 2081 2080 2078 2077 2075 2074 2073 2072 2071 2070 2070 2069 2069 2068 2068 2068 2068 2068 2067 2067 2067 2067 2067 2067 2067 2066 2066 2065 2064 2063 2062 2060 2058 2056 2053 2050 2046 2042 2037 2031 2025 2018 2010 2002 1992
1921 1934 1946 1958 1968 1979 1988 1998 2006 2014 2022 2029 2036 2042 2048 2054 2059 2063 2067 2070 2073 2076 2078 2079 2081 2082 2082 2082 2082 2081 2080 2079 2078 2076 2075 2073 2071 2069 2067 2065 2064 2062 2060 2058 2057 2056 2054 2053 2052 2051 2051 2050 2050 2050 2049 2049 2049 2049 2050 2050 2050 2050 2050 2051 2051 2051 2050 2050 2050 2049 2048 2047 2045 2043 2041 2038 2035 2031 2027 2022 2016 2009 2002 1994 1985
1911 1924 1936 1947 1958 1969 1978 1988 1996 2005 2012 2020 2026 2033 2038 2044 2048 2053 2056 2060 2062 2065 2067 2068 2069 2069 2069 2069 2068 2067 2066 2065 2063 2061 2059 2057 2054 2052 2050 2048 2046 2043 2041 2040 2038 2036 2035 2034 2033 2032 2031 2031 2031 2030 2030 2030 2031 2031 2031 2032 2032 2033 2033 2034 2034 2034 2034 2034 2034 2034 2033 2033 2031 2030 2028 2026 2023 2020 2016 2012 2006 2001 1994 1986 1978
1900 1913 1925 1937 1948 1958 1968 1977 1986 1994 2002 2009 2016 2022 2028 2033 2038 2042 2045 2049 2051 2053 2055 2056 2056 2057 2056 2056 2054 2053 2051 2049 2047 2045 2042 2040 2037 2035 2032 2029 2027 2025 2022 2020 2018 2017 2015 2014 2013 2012 2011 2011 2011 2011 2011 2011 2011 2012 2012 2013 2014 2015 2015 2016 2017 2017 2018 2018 2019 2019 2019 2018 2018 2017 2015 2013 2011 2008 2005 2001 1997 1991 1985 1978 1970
1888 1901 1914 1925 1936 1947 1957 1966 1975 1983 1991 1998 2005 2011 2017 2022 2027 2031 2034 2037 2039 2041 2042 2043 2044 2043 2043 2042 2040 2038 2036 2034 2031 2028 2025 2022 2019 2016 2013 2010 2008 2005 2003 2000 1998 1996 1995 1994 1992 1992 1991 1990 1990 1990 1991 1991 1991 1992 1993 1994 1995 1996 1997 1998 1999 2000 2001 2002 2002 2003 2003 2003 2003 2002 2002 2000 1999 1996 1994 1990 1986 1981 1976 1969 1961
1876 1889 1901 1913 1924 1935 1945 1955 1964 1972 1980 1987 1994 2000 2005 2010 2015 2019 2022 2025 2027 2029 2030 2030 2030 2030 2029 2027 2025 2023 2020 2018 2014 2011 2008 2004 2001 1997 1994 1991 1988 1985 1982 1980 1977 1976 1974 1972 1971 1970 1970 1969 1969 1970 1970 1970 1971 1972 1973 1974 1976 1977 1978 1980 1981 1982 1984 1985 1986 1987 1987 1988 1988 1988 1987 1987 1985 1984 1981 1979 1975 1971 1966 1960 1952
1863 1876 1889 1901 1912 1923 1933 1942 1951 1960 1968 1975 1982 1988 1993 1998 2003 2007 2010 2012 2014 2016 2017 2017 2016 2016 2014 2012 2010 2007 2004 2001 1997 1993 1990 1986 1982 1978 1974 1971 1967 1964 1961 1958 1956 1954 1952 1951 1950 1949 1948 1948 1948 1948 1949 1949 1950 1951 1953 1954 1956 1957 1959 1961 1962 1964 1966 1967 1969 1970 1971 1972 1972 1973 1973 1972 1972 1970 1969 1966 1963 1960 1955 1949 1942
