cdd18ann.txt
ncols         501
nrows         361
xllcorner     109.95
yllcorner     -45.05
cellsize      0.1
NODATA_value  -9999
[rows 0 to 37 of 361, columns 85 to 169 of 501]
3039 3046 3053 3060 3066 3073 3080 3086 3093 3099 3105 3111 3117 3123 3129 3135 3141 3146 3152 3157 3163 3168 3173 3178 3183 3188 3193 3197 3202 3206 3211 3215 3219 3223 3227 3231 3235 3239 3242 3246 3249 3252 3255 3258 3261 3264 3267 3270 3272 3275 3277 3279 3281 3283 3285 3287 3289 3290 3292 3293 3295 3296 3297 3298 3299 3300 3301 3302 3302 3303 3304 3304 3305 3305 3305 3306 3306 3306 3306 3306 3306 3306 3306 3306 3306
3040 3047 3054 3061 3068 3075 3081 3088 3094 3101 3107 3113 3119 3125 3131 3137 3143 3148 3154 3159 3165 3170 3175 3180 3185 3190 3195 3200 3204 3209 3213 3217 3222 3226 3230 3234 3237 3241 3245 3248 3252 3255 3258 3261 3264 3267 3270 3272 3275 3277 3280 3282 3284 3286 3288 3290 3291 3293 3295 3296 3297 3299 3300 3301 3302 3303 3303 3304 3305 3305 3306 3306 3307 3307 3307 3308 3308 3308 3308 3308 3308 3308 3308 3308 3308
3042 3049 3056 3063 3070 3076 3083 3090 3096 3103 3109 3115 3121 3127 3133 3139 3145 3150 3156 3161 3167 3172 3177 3183 3188 3192 3197 3202 3207 3211 3216 3220 3224 3228 3232 3236 3240 3244 3247 3251 3254 3258 3261 3264 3267 3270 3272 3275 3278 3280 3282 3285 3287 3289 3291 3293 3294 3296 3297 3299 3300 3301 3302 3303 3304 3305 3306 3307 3307 3308 3308 3309 3309 3309 3310 3310 3310 3310 3310 3310 3310 3310 3310 3310 3309
3043 3050 3058 3064 3071 3078 3085 3091 3098 3104 3111 3117 3123 3129 3135 3141 3147 3153 3158 3164 3169 3174 3180 3185 3190 3195 3200 3204 3209 3214 3218 3223 3227 3231 3235 3239 3243 3247 3250 3254 3257 3260 3264 3267 3270 3273 3275 3278 3281 3283 3285 3288 3290 3292 3294 3295 3297 3299 3300 3302 3303 3304 3305 3306 3307 3308 3309 3309 3310 3311 3311 3311 3312 3312 3312 3312 3312 3312 3312 3312 3312 3312 3312 3311 3311
3045 3052 3059 3066 3073 3080 3087 3093 3100 3106 3113 3119 3125 3131 3137 3143 3149 3155 3160 3166 3171 3177 3182 3187 3192 3197 3202 3207 3212 3216 3221 3225 3229 3234 3238 3242 3246 3249 3253 3257 3260 3263 3267 3270 3273 3276 3278 3281 3284 3286 3288 3291 3293 3295 3297 3299 3300 3302 3303 3305 3306 3307 3308 3309 3310 3311 3312 3312 3313 3313 3314 3314 3314 3315 3315 3315 3315 3315 3315 3314 3314 3314 3314 3313 3313
3047 3054 3061 3068 3075 3082 3088 3095 3102 3108 3115 3121 3127 3133 3139 3145 3151 3157 3163 3168 3174 3179 3184 3190 3195 3200 3205 3210 3214 3219 3223 3228 3232 3236 3241 3245 3248 3252 3256 3260 3263 3266 3270 3273 3276 3279 3282 3284 3287 3289 3292 3294 3296 3298 3300 3302 3303 3305 3306 3308 3309 3310 3311 3312 3313 3314 3315 3315 3316 3316 3317 3317 3317 3317 3317 3317 3317 3317 3317 3317 3317 3316 3316 3316 3315
3048 3055 3063 3070 3077 3083 3090 3097 3104 3110 3117 3123 3129 3135 3141 3147 3153 3159 3165 3170 3176 3181 3187 3192 3197 3202 3207 3212 3217 3222 3226 3231 3235 3239 3243 3247 3251 3255 3259 3263 3266 3269 3273 3276 3279 3282 3285 3287 3290 3293 3295 3297 3299 3301 3303 3305 3307 3308 3310 3311 3312 3314 3315 3316 3316 3317 3318 3318 3319 3319 3320 3320 3320 3320 3320 3320 3320 3320 3320 3320 3319 3319 3319 3318 3318
3050 3057 3064 3071 3078 3085 3092 3099 3105 3112 3119 3125 3131 3137 3144 3150 3156 3161 3167 3173 3178 3184 3189 3195 3200 3205 3210 3215 3220 3224 3229 3233 3238 3242 3246 3250 3254 3258 3262 3266 3269 3273 3276 3279 3282 3285 3288 3291 3293 3296 3298 3301 3303 3305 3307 3308 3310 3312 3313 3314 3316 3317 3318 3319 3320 3320 3321 3322 3322 3323 3323 3323 3323 3323 3323 3323 3323 3323 3323 3322 3322 3322 3321 3321 3320
3051 3059 3066 3073 3080 3087 3094 3101 3107 3114 3121 3127 3133 3140 3146 3152 3158 3164 3170 3175 3181 3186 3192 3197 3202 3208 3213 3218 3222 3227 3232 3236 3241 3245 3249 3253 3257 3261 3265 3269 3272 3276 3279 3282 3286 3289 3291 3294 3297 3299 3302 3304 3306 3308 3310 3312 3314 3315 3317 3318 3319 3320 3321 3322 3323 3324 3325 3325 3326 3326 3326 3326 3326 3327 3326 3326 3326 3326 3326 3325 3325 3324 3324 3323 3323
3053 3061 3068 3075 3082 3089 3096 3103 3109 3116 3123 3129 3136 3142 3148 3154 3160 3166 3172 3178 3183 3189 3194 3200 3205 3210 3215 3220 3225 3230 3235 3239 3244 3248 3252 3257 3261 3265 3268 3272 3276 3279 3283 3286 3289 3292 3295 3298 3300 3303 3305 3308 3310 3312 3314 3316 3317 3319 3320 3322 3323 3324 3325 3326 3327 3328 3328 3329 3329 3329 3330 3330 3330 3330 3330 3330 3330 3329 3329 3328 3328 3328 3327 3326 3326
3055 3062 3070 3077 3084 3091 3098 3105 3112 3118 3125 3131 3138 3144 3150 3156 3162 3168 3174 3180 3186 3191 3197 3202 3208 3213 3218 3223 3228 3233 3238 3242 3247 3251 3256 3260 3264 3268 3272 3275 3279 3283 3286 3289 3293 3296 3299 3301 3304 3307 3309 3311 3314 3316 3318 3319 3321 3323 3324 3325 3327 3328 3329 3330 3331 3331 3332 3332 3333 3333 3333 3333 3334 3333 3333 3333 3333 3333 3332 3332 3331 3331 3330 3330 3329
3057 3064 3071 3079 3086 3093 3100 3107 3114 3120 3127 3133 3140 3146 3153 3159 3165 3171 3177 3183 3188 3194 3200 3205 3210 3216 3221 3226 3231 3236 3241 3245 3250 3254 3259 3263 3267 3271 3275 3279 3283 3286 3290 3293 3296 3299 3302 3305 3308 3310 3313 3315 3317 3319 3321 3323 3325 3327 3328 3329 3331 3332 3333 3334 3334 3335 3336 3336 3337 3337 3337 3337 3337 3337 3337 3337 3337 3336 3336 3335 3335 3334 3334 3333 3332
3058 3066 3073 3081 3088 3095 3102 3109 3116 3122 3129 3136 3142 3149 3155 3161 3167 3173 3179 3185 3191 3197 3202 3208 3213 3219 3224 3229 3234 3239 3244 3248 3253 3258 3262 3266 3270 3275 3279 3282 3286 3290 3293 3297 3300 3303 3306 3309 3312 3314 3317 3319 3321 3323 3325 3327 3329 3331 3332 3333 3335 3336 3337 3338 3339 3339 3340 3340 3341 3341 3341 3341 3341 3341 3341 3341 3340 3340 3340 3339 3339 3338 3337 3336 3336
3060 3068 3075 3082 3090 3097 3104 3111 3118 3125 3131 3138 3144 3151 3157 3163 3170 3176 3182 3188 3194 3199 3205 3211 3216 3221 3227 3232 3237 3242 3247 3252 3256 3261 3265 3270 3274 3278 3282 3286 3290 3293 3297 3300 3304 3307 3310 3313 3316 3318 3321 3323 3325 3328 3330 3331 3333 3335 3336 3338 3339 3340 3341 3342 3343 3343 3344 3344 3345 3345 3345 3345 3345 3345 3345 3345 3344 3344 3344 3343 3342 3342 3341 3340 3339
3062 3070 3077 3084 3092 3099 3106 3113 3120 3127 3133 3140 3147 3153 3160 3166 3172 3178 3184 3190 3196 3202 3208 3213 3219 3224 3230 3235 3240 3245 3250 3255 3260 3264 3269 3273 3277 3282 3286 3290 3293 3297 3301 3304 3308 3311 3314 3317 3320 3322 3325 3327 3330 3332 3334 3336 3337 3339 3341 3342 3343 3344 3345 3346 3347 3348 3348 3349 3349 3349 3349 3350 3349 3349 3349 3349 3349 3348 3348 3347 3346 3346 3345 3344 3343
3064 3072 3079 3086 3094 3101 3108 3115 3122 3129 3136 3142 3149 3156 3162 3168 3175 3181 3187 3193 3199 3205 3210 3216 3222 3227 3233 3238 3243 3248 3253 3258 3263 3268 3272 3277 3281 3285 3289 3293 3297 3301 3305 3308 3311 3315 3318 3321 3324 3326 3329 3332 3334 3336 3338 3340 3342 3343 3345 3346 3348 3349 3350 3351 3351 3352 3353 3353 3353 3354 3354 3354 3354 3354 3354 3353 3353 3352 3352 3351 3351 3350 3349 3348 3348
3066 3073 3081 3088 3096 3103 3110 3117 3124 3131 3138 3145 3151 3158 3164 3171 3177 3183 3189 3196 3202 3207 3213 3219 3225 3230 3236 3241 3246 3251 3256 3261 3266 3271 3276 3280 3285 3289 3293 3297 3301 3305 3309 3312 3316 3319 3322 3325 3328 3331 3333 3336 3338 3340 3343 3344 3346 3348 3349 3351 3352 3353 3354 3355 3356 3357 3357 3358 3358 3358 3358 3359 3358 3358 3358 3358 3357 3357 3356 3356 3355 3354 3354 3353 3352
3068 3075 3083 3090 3098 3105 3112 3119 3126 3133 3140 3147 3154 3160 3167 3173 3180 3186 3192 3198 3204 3210 3216 3222 3228 3233 3239 3244 3249 3255 3260 3265 3270 3274 3279 3284 3288 3293 3297 3301 3305 3309 3313 3316 3320 3323 3326 3329 3332 3335 3338 3340 3343 3345 3347 3349 3351 3353 3354 3356 3357 3358 3359 3360 3361 3361 3362 3362 3363 3363 3363 3363 3363 3363 3363 3363 3362 3362 3361 3361 3360 3359 3358 3357 3357
3070 3077 3085 3092 3100 3107 3114 3121 3129 3136 3142 3149 3156 3163 3169 3176 3182 3188 3195 3201 3207 3213 3219 3225 3230 3236 3242 3247 3252 3258 3263 3268 3273 3278 3283 3287 3292 3296 3301 3305 3309 3313 3317 3320 3324 3327 3331 3334 3337 3340 3342 3345 3347 3350 3352 3354 3356 3357 3359 3360 3362 3363 3364 3365 3366 3366 3367 3367 3368 3368 3368 3368 3368 3368 3368 3367 3367 3367 3366 3365 3365 3364 3363 3362 3361
3072 3079 3087 3094 3102 3109 3116 3124 3131 3138 3145 3152 3158 3165 3172 3178 3185 3191 3197 3204 3210 3216 3222 3228 3233 3239 3245 3250 3256 3261 3266 3271 3276 3281 3286 3291 3296 3300 3304 3309 3313 3317 3321 3324 3328 3332 3335 3338 3341 3344 3347 3350 3352 3354 3357 3359 3360 3362 3364 3365 3367 3368 3369 3370 3371 3371 3372 3372 3373 3373 3373 3373 3373 3373 3373 3372 3372 3372 3371 3370 3370 3369 3368 3367 3366
3073 3081 3089 3096 3104 3111 3119 3126 3133 3140 3147 3154 3161 3167 3174 3181 3187 3194 3200 3206 3212 3219 3225 3231 3236 3242 3248 3253 3259 3264 3270 3275 3280 3285 3290 3295 3299 3304 3308 3313 3317 3321 3325 3329 3332 3336 3339 3343 3346 3349 3352 3354 3357 3359 3361 3364 3365 3367 3369 3370 3372 3373 3374 3375 3376 3377 3377 3378 3378 3378 3378 3378 3378 3378 3378 3378 3377 3377 3376 3376 3375 3374 3374 3373 3372
3075 3083 3091 3098 3106 3113 3121 3128 3135 3142 3149 3156 3163 3170 3177 3183 3190 3196 3203 3209 3215 3221 3227 3233 3239 3245 3251 3257 3262 3268 3273 3278 3283 3289 3294 3298 3303 3308 3312 3317 3321 3325 3329 3333 3337 3340 3344 3347 3350 3354 3356 3359 3362 3364 3366 3369 3371 3372 3374 3376 3377 3378 3379 3380 3381 3382 3382 3383 3383 3383 3384 3384 3384 3384 3383 3383 3383 3382 3382 3381 3380 3380 3379 3378 3377
3077 3085 3093 3100 3108 3115 3123 3130 3137 3145 3152 3159 3165 3172 3179 3186 3192 3199 3205 3212 3218 3224 3230 3236 3242 3248 3254 3260 3265 3271 3276 3282 3287 3292 3297 3302 3307 3312 3316 3321 3325 3329 3334 3338 3341 3345 3349 3352 3355 3358 3361 3364 3367 3369 3372 3374 3376 3378 3379 3381 3382 3384 3385 3386 3387 3387 3388 3388 3389 3389 3389 3389 3389 3389 3389 3389 3388 3388 3387 3387 3386 3385 3385 3384 3383
3079 3087 3095 3103 3110 3118 3125 3132 3140 3147 3154 3161 3168 3175 3182 3188 3195 3201 3208 3214 3221 3227 3233 3239 3245 3251 3257 3263 3269 3274 3280 3285 3291 3296 3301 3306 3311 3316 3320 3325 3329 3334 3338 3342 3346 3350 3353 3357 3360 3363 3366 3369 3372 3374 3377 3379 3381 3383 3385 3386 3388 3389 3390 3391 3392 3393 3393 3394 3394 3395 3395 3395 3395 3395 3395 3394 3394 3393 3393 3392 3392 3391 3391 3390 3389
3081 3089 3097 3105 3112 3120 3127 3135 3142 3149 3156 3163 3170 3177 3184 3191 3197 3204 3211 3217 3223 3230 3236 3242 3248 3254 3260 3266 3272 3278 3283 3289 3294 3300 3305 3310 3315 3320 3325 3329 3334 3338 3342 3347 3351 3354 3358 3362 3365 3368 3371 3374 3377 3380 3382 3384 3386 3388 3390 3392 3393 3395 3396 3397 3398 3399 3399 3400 3400 3400 3401 3401 3401 3400 3400 3400 3400 3399 3399 3398 3398 3397 3397 3396 3395
3083 3091 3099 3107 3114 3122 3129 3137 3144 3151 3158 3166 3173 3180 3186 3193 3200 3207 3213 3220 3226 3233 3239 3245 3251 3257 3263 3269 3275 3281 3287 3292 3298 3303 3308 3314 3319 3324 3329 3333 3338 3343 3347 3351 3355 3359 3363 3367 3370 3373 3377 3380 3382 3385 3388 3390 3392 3394 3396 3398 3399 3400 3402 3403 3404 3404 3405 3406 3406 3406 3406 3407 3407 3406 3406 3406 3406 3405 3405 3405 3404 3403 3403 3402 3401
3085 3093 3101 3109 3116 3124 3131 3139 3146 3154 3161 3168 3175 3182 3189 3196 3203 3209 3216 3222 3229 3235 3242 3248 3254 3260 3267 3273 3279 3284 3290 3296 3301 3307 3312 3318 3323 3328 3333 3338 3342 3347 3351 3356 3360 3364 3368 3372 3375 3379 3382 3385 3388 3390 3393 3395 3398 3400 3402 3403 3405 3406 3407 3409 3409 3410 3411 3411 3412 3412 3412 3413 3413 3413 3412 3412 3412 3412 3411 3411 3410 3410 3409 3409 3408
3087 3095 3103 3111 3118 3126 3134 3141 3148 3156 3163 3170 3177 3184 3191 3198 3205 3212 3218 3225 3232 3238 3245 3251 3257 3264 3270 3276 3282 3288 3294 3299 3305 3311 3316 3321 3327 3332 3337 3342 3347 3351 3356 3360 3365 3369 3373 3377 3380 3384 3387 3390 3393 3396 3399 3401 3403 3406 3407 3409 3411 3412 3413 3415 3416 3416 3417 3418 3418 3418 3419 3419 3419 3419 3419 3418 3418 3418 3418 3417 3417 3416 3416 3415 3415
3089 3097 3105 3113 3121 3128 3136 3143 3151 3158 3165 3173 3180 3187 3194 3201 3208 3214 3221 3228 3234 3241 3247 3254 3260 3267 3273 3279 3285 3291 3297 3303 3309 3314 3320 3325 3331 3336 3341 3346 3351 3356 3361 3365 3369 3374 3378 3382 3385 3389 3392 3396 3399 3402 3404 3407 3409 3411 3413 3415 3417 3418 3420 3421 3422 3423 3423 3424 3424 3425 3425 3425 3425 3425 3425 3425 3425 3424 3424 3424 3424 3423 3423 3422 3422
3091 3099 3107 3115 3123 3130 3138 3145 3153 3160 3168 3175 3182 3189 3196 3203 3210 3217 3224 3230 3237 3244 3250 3257 3263 3270 3276 3282 3288 3294 3300 3306 3312 3318 3324 3329 3335 3340 3345 3351 3356 3360 3365 3370 3374 3379 3383 3387 3391 3394 3398 3401 3404 3407 3410 3413 3415 3417 3419 3421 3423 3425 3426 3427 3428 3429 3430 3430 3431 3431 3431 3431 3432 3432 3432 3431 3431 3431 3431 3431 3430 3430 3430 3429 3429
3093 3101 3109 3117 3125 3132 3140 3148 3155 3162 3170 3177 3184 3191 3198 3205 3212 3219 3226 3233 3240 3246 3253 3260 3266 3273 3279 3285 3291 3298 3304 3310 3316 3322 3327 3333 3339 3344 3350 3355 3360 3365 3370 3375 3379 3384 3388 3392 3396 3400 3404 3407 3410 3413 3416 3419 3421 3424 3426 3428 3429 3431 3432 3433 3434 3435 3436 3437 3437 3438 3438 3438 3438 3438 3438 3438 3438 3438 3438 3437 3437 3437 3437 3437 3436
3095 3103 3111 3119 3127 3135 3142 3150 3157 3165 3172 3179 3187 3194 3201 3208 3215 3222 3229 3236 3242 3249 3256 3262 3269 3275 3282 3288 3295 3301 3307 3313 3319 3325 3331 3337 3343 3348 3354 3359 3364 3370 3375 3379 3384 3389 3393 3397 3401 3405 3409 3413 3416 3419 3422 3425 3427 3430 3432 3434 3436 3437 3439 3440 3441 3442 3443 3443 3444 3444 3444 3445 3445 3445 3445 3445 3445 3445 3445 3444 3444 3444 3444 3444 3444
3097 3105 3113 3121 3129 3137 3144 3152 3159 3167 3174 3182 3189 3196 3203 3210 3217 3224 3231 3238 3245 3252 3258 3265 3272 3278 3285 3291 3298 3304 3310 3317 3323 3329 3335 3341 3347 3352 3358 3363 3369 3374 3379 3384 3389 3394 3398 3403 3407 3411 3415 3418 3422 3425 3428 3431 3434 3436 3438 3440 3442 3444 3445 3447 3448 3449 3449 3450 3451 3451 3451 3451 3452 3452 3452 3452 3452 3452 3452 3452 3451 3451 3451 3451 3451
3099 3107 3115 3123 3131 3139 3146 3154 3162 3169 3176 3184 3191 3198 3205 3213 3220 3227 3234 3241 3247 3254 3261 3268 3275 3281 3288 3294 3301 3307 3314 3320 3326 3332 3339 3345 3351 3356 3362 3368 3373 3379 3384 3389 3394 3399 3404 3408 3412 3417 3421 3424 3428 3431 3434 3437 3440 3442 3445 3447 3449 3450 3452 3453 3454 3455 3456 3457 3457 3458 3458 3458 3458 3459 3459 3459 3459 3459 3459 3459 3459 3459 3459 3459 3459
3101 3109 3117 3125 3133 3141 3148 3156 3164 3171 3179 3186 3193 3200 3208 3215 3222 3229 3236 3243 3250 3257 3264 3271 3277 3284 3291 3297 3304 3310 3317 3323 3330 3336 3342 3348 3354 3360 3366 3372 3378 3383 3389 3394 3399 3404 3409 3413 3418 3422 3426 3430 3434 3437 3441 3444 3446 3449 3451 3454 3455 3457 3459 3460 3461 3462 3463 3464 3464 3465 3465 3465 3465 3466 3466 3466 3466 3466 3466 3466 3466 3466 3467 3467 3467
3103 3111 3119 3127 3135 3143 3150 3158 3166 3173 3181 3188 3195 3203 3210 3217 3224 3231 3238 3245 3252 3259 3266 3273 3280 3287 3294 3300 3307 3314 3320 3327 3333 3340 3346 3352 3358 3364 3370 3376 3382 3388 3393 3399 3404 3409 3414 3419 3424 3428 3432 3436 3440 3444 3447 3450 3453 3456 3458 3460 3462 3464 3466 3467 3468 3469 3470 3471 3471 3472 3472 3472 3472 3473 3473 3473 3473 3473 3473 3473 3474 3474 3474 3475 3475
3105 3113 3121 3129 3137 3145 3153 3160 3168 3175 3183 3190 3197 3205 3212 3219 3226 3234 3241 3248 3255 3262 3269 3276 3283 3289 3296 3303 3310 3317 3323 3330 3336 3343 3349 3356 3362 3368 3375 3381 3387 3392 3398 3404 3409 3414 3419 3424 3429 3434 3438 3442 3446 3450 3453 3457 3460 3462 3465 3467 3469 3471 3473 3474 3475 3476 3477 3478 3478 3479 3479 3479 3480 3480 3480 3480 3480 3480 3481 3481 3481 3482 3482 3483 3483
3107 3115 3123 3131 3139 3147 3155 3162 3170 3177 3185 3192 3200 3207 3214 3221 3229 3236 3243 3250 3257 3264 3271 3278 3285 3292 3299 3306 3313 3319 3326 3333 3340 3346 3353 3359 3366 3372 3379 3385 3391 3397 3403 3408 3414 3419 3425 3430 3435 3439 3444 3448 3452 3456 3460 3463 3466 3469 3472 3474 3476 3478 3480 3481 3483 3484 3484 3485 3486 3486 3486 3487 3487 3487 3487 3487 3487 3488 3488 3488 3489 3489 3490 3491 3491
