hdd18ann.txt
ncols         501
nrows         361
xllcorner     109.95
yllcorner     -45.05
cellsize      0.1
NODATA_value  -9999
[rows 205 to 245 of 361, columns 188 to 281 of 501]
783 783 783 783 783 783 783 783 783 782 782 782 781 781 780 780 779 778 778 777 776 776 775 774 773 772 771 770 769 768 767 766 765 763 762 761 759 758 756 754 753 751 749 747 745 743 741 739 737 734 732 729 727 724 722 719 716 713 710 707 704 701 698 695 692 689 686 683 680 677 674 672 669 667 665 663 661 660 658 657 656 655 655 654 654 654 654 654 655 656 657 658 659 661
789 789 789 789 789 789 789 789 788 788 787 787 787 786 785 785 784 784 783 782 781 781 780 779 778 777 776 775 774 773 772 771 770 768 767 766 764 763 761 759 758 756 754 753 751 749 747 745 742 740 738 736 733 731 728 725 723 720 717 714 711 708 705 702 699 696 693 690 687 684 682 679 677 675 673 671 669 667 666 665 664 663 662 662 662 662 662 663 663 664 665 666 668 669
795 795 795 795 795 795 795 794 794 793 793 792 792 791 791 790 789 789 788 787 786 786 785 784 783 782 781 780 779 778 777 776 774 773 772 771 769 768 766 765 763 761 760 758 756 754 752 750 748 746 744 742 740 737 735 732 729 727 724 721 718 715 712 709 706 703 700 698 695 692 689 687 685 682 680 678 677 675 674 672 671 671 670 670 670 670 670 671 671 672 674 675 677 678
801 801 801 801 801 801 800 800 799 799 798 798 797 796 796 795 794 794 793 792 791 790 790 789 788 787 786 785 784 783 782 781 779 778 777 776 774 773 771 770 768 767 765 763 762 760 758 756 754 752 750 748 746 744 741 739 736 734 731 728 725 723 720 717 714 711 708 705 702 700 697 695 692 690 688 686 684 683 681 680 679 678 678 678 678 678 678 679 680 681 682 684 685 687
807 807 807 807 807 806 806 805 805 804 804 803 802 802 801 800 799 799 798 797 796 795 795 794 793 792 791 790 789 788 787 786 784 783 782 781 779 778 777 775 774 772 771 769 767 766 764 762 760 758 757 755 752 750 748 746 743 741 738 736 733 730 727 724 721 718 716 713 710 707 705 702 700 698 696 694 692 691 689 688 687 686 686 686 686 686 687 687 688 690 691 693 695 697
813 813 813 813 812 812 811 811 810 810 809 808 808 807 806 805 805 804 803 802 801 800 800 799 798 797 796 795 794 793 792 791 789 788 787 786 784 783 782 780 779 778 776 775 773 771 770 768 766 765 763 761 759 757 755 753 750 748 746 743 740 737 735 732 729 726 723 720 718 715 712 710 708 706 704 702 700 699 697 696 695 695 694 694 694 695 695 696 697 699 700 702 704 706
819 819 819 818 818 818 817 816 816 815 814 814 813 812 811 810 810 809 808 807 806 805 804 804 803 802 801 800 799 798 797 796 794 793 792 791 790 788 787 786 784 783 782 780 779 777 776 774 772 771 769 767 766 764 762 760 757 755 753 750 748 745 742 739 736 734 731 728 725 723 720 718 716 714 712 710 708 707 705 704 703 703 702 702 703 703 704 705 706 708 709 711 713 715
825 825 824 824 824 823 822 822 821 820 820 819 818 817 816 816 815 814 813 812 811 810 809 809 808 807 806 805 804 803 802 801 799 798 797 796 795 794 792 791 790 788 787 786 784 783 781 780 778 777 775 774 772 770 769 767 765 762 760 758 755 752 750 747 744 741 739 736 733 731 728 726 724 722 720 718 716 715 714 713 712 711 711 711 711 712 713 714 715 717 718 720 723 725
831 830 830 830 829 829 828 827 827 826 825 824 823 822 822 821 820 819 818 817 816 815 814 814 813 812 811 810 809 808 807 806 805 803 802 801 800 799 798 796 795 794 793 791 790 789 787 786 785 783 782 780 779 777 775 774 772 770 767 765 762 760 757 754 752 749 746 744 741 739 736 734 732 730 728 726 724 723 722 721 720 720 719 719 720 721 722 723 724 726 728 730 732 735
836 836 836 835 835 834 833 833 832 831 830 829 828 828 827 826 825 824 823 822 821 820 819 819 818 817 816 815 814 813 812 811 810 809 807 806 805 804 803 802 800 799 798 797 796 794 793 792 791 789 788 786 785 784 782 780 779 777 775 772 770 767 765 762 759 757 754 751 749 746 744 742 740 738 736 734 733 732 730 730 729 728 728 728 729 730 731 732 734 735 738 740 742 745
842 842 841 841 840 839 839 838 837 836 835 835 834 833 832 831 830 829 828 827 826 825 825 824 823 822 821 820 819 818 817 816 815 814 813 812 810 809 808 807 806 805 804 802 801 800 799 798 796 795 794 793 791 790 789 787 786 784 782 780 777 775 772 769 767 764 762 759 757 754 752 750 748 746 744 743 741 740 739 738 738 737 737 737 738 739 740 741 743 745 747 750 752 755
847 847 847 846 845 845 844 843 842 842 841 840 839 838 837 836 835 834 833 832 831 830 830 829 828 827 826 825 824 823 822 821 820 819 818 817 816 815 813 812 811 810 809 808 807 806 805 804 802 801 800 799 798 797 795 794 792 791 789 787 784 782 779 777 774 772 769 767 765 762 760 758 756 754 753 751 750 749 748 747 747 746 746 747 747 748 749 751 753 755 757 760 762 765
853 852 852 851 851 850 849 849 848 847 846 845 844 843 842 841 840 839 838 837 836 836 835 834 833 832 831 830 829 828 827 826 825 824 823 822 821 820 819 818 817 816 815 813 812 811 810 809 808 807 806 805 804 803 802 800 799 798 796 794 791 789 787 784 782 779 777 775 772 770 768 766 764 763 761 760 758 757 757 756 756 755 756 756 757 758 759 761 763 765 767 770 772 775
858 858 857 857 856 855 854 854 853 852 851 850 849 848 847 846 845 844 843 843 842 841 840 839 838 837 836 835 834 833 832 831 830 829 828 827 826 825 824 823 822 821 820 819 818 817 816 815 814 813 812 811 810 809 808 807 805 804 802 800 798 796 794 791 789 787 785 782 780 778 776 774 773 771 770 768 767 766 766 765 765 765 765 765 766 767 769 771 773 775 777 780 783 786
863 863 862 862 861 860 860 859 858 857 856 855 854 853 852 851 850 850 849 848 847 846 845 844 843 842 841 840 839 838 837 836 835 834 833 832 831 830 829 828 827 826 825 824 824 823 822 821 820 819 818 817 816 815 814 813 812 810 809 807 805 803 801 799 796 794 792 790 788 786 784 783 781 779 778 777 776 775 775 774 774 774 774 775 776 777 779 781 783 785 788 790 793 796
868 868 867 867 866 865 865 864 863 862 861 860 859 859 858 857 856 855 854 853 852 851 850 849 848 847 846 845 845 844 843 842 841 840 839 838 837 836 835 834 833 832 831 830 829 828 827 826 825 825 824 823 822 821 820 819 818 816 815 813 812 810 808 806 804 802 800 798 796 794 792 791 789 788 787 786 785 784 784 783 783 784 784 785 786 787 789 791 793 795 798 801 804 807
873 873 872 872 871 870 870 869 868 867 866 866 865 864 863 862 861 860 859 858 857 856 855 854 853 853 852 851 850 849 848 847 846 845 844 843 842 841 840 839 838 837 836 835 835 834 833 832 831 830 829 829 828 827 826 825 824 823 821 820 818 816 815 813 811 809 807 805 804 802 801 799 798 797 795 795 794 793 793 793 793 793 794 795 796 797 799 801 803 806 808 811 814 818
878 878 877 877 876 875 875 874 873 872 872 871 870 869 868 867 866 865 864 863 862 861 860 860 859 858 857 856 855 854 853 852 851 850 849 848 847 846 845 845 844 843 842 841 840 839 838 837 837 836 835 834 833 833 832 831 830 829 827 826 825 823 821 820 818 816 815 813 812 810 809 807 806 805 804 803 803 802 802 802 802 803 804 805 806 807 809 811 814 816 819 822 825 829
883 882 882 882 881 880 880 879 878 877 877 876 875 874 873 872 871 870 869 868 868 867 866 865 864 863 862 861 860 859 858 857 856 856 855 854 853 852 851 850 849 848 847 846 845 845 844 843 842 841 841 840 839 838 837 837 836 835 833 832 831 830 828 827 825 824 822 821 819 818 817 816 815 814 813 812 812 812 812 812 812 813 813 815 816 818 819 822 824 827 830 833 836 840
887 887 887 886 886 885 885 884 883 882 882 881 880 879 878 877 876 875 875 874 873 872 871 870 869 868 867 866 865 865 864 863 862 861 860 859 858 857 856 855 854 854 853 852 851 850 849 849 848 847 846 846 845 844 843 842 842 841 840 839 837 836 835 834 832 831 830 829 827 826 825 824 823 823 822 821 821 821 821 821 822 823 823 825 826 828 830 832 835 837 840 844 847 851
892 892 891 891 891 890 889 889 888 887 887 886 885 884 883 882 881 881 880 879 878 877 876 875 874 873 873 872 871 870 869 868 867 866 865 864 863 863 862 861 860 859 858 857 856 856 855 854 853 853 852 851 850 850 849 848 848 847 846 845 844 843 842 841 840 838 837 836 835 834 833 833 832 831 831 831 830 830 831 831 832 832 833 835 836 838 840 843 845 848 851 855 858 862
896 896 896 896 895 895 894 894 893 892 892 891 890 889 888 888 887 886 885 884 883 882 881 881 880 879 878 877 876 875 874 873 873 872 871 870 869 868 867 866 865 864 864 863 862 861 860 860 859 858 857 857 856 856 855 854 854 853 852 851 850 850 849 848 847 846 845 844 843 842 842 841 841 840 840 840 840 840 840 841 842 842 844 845 847 849 851 853 856 859 862 866 869 873
901 901 901 900 900 900 899 898 898 897 896 896 895 894 893 893 892 891 890 889 888 888 887 886 885 884 883 882 881 881 880 879 878 877 876 875 874 873 873 872 871 870 869 868 868 867 866 865 865 864 863 863 862 861 861 860 860 859 858 858 857 856 856 855 854 853 853 852 851 851 850 850 849 849 849 849 849 849 850 851 851 853 854 855 857 859 861 864 867 870 873 877 881 885
905 905 905 905 905 904 904 903 903 902 901 901 900 899 899 898 897 896 895 895 894 893 892 891 890 889 889 888 887 886 885 884 883 883 882 881 880 879 878 877 876 876 875 874 873 872 872 871 870 869 869 868 868 867 867 866 866 865 865 864 864 863 863 862 862 861 860 860 859 859 859 858 858 858 858 858 859 859 860 861 862 863 864 866 868 870 872 875 878 881 884 888 892 896
910 910 910 910 909 909 909 908 908 907 906 906 905 904 904 903 902 901 901 900 899 898 897 897 896 895 894 893 892 891 891 890 889 888 887 886 885 885 884 883 882 881 880 880 879 878 877 877 876 875 875 874 873 873 873 872 872 871 871 871 870 870 870 869 869 869 868 868 868 867 867 867 867 867 867 868 868 869 870 871 872 873 875 876 878 880 883 886 889 892 896 899 904 908
914 914 914 914 914 914 913 913 912 912 911 911 910 909 909 908 907 907 906 905 904 904 903 902 901 900 899 899 898 897 896 895 894 894 893 892 891 890 889 889 888 887 886 885 884 884 883 882 882 881 880 880 879 879 879 878 878 878 878 877 877 877 877 877 877 876 876 876 876 876 876 876 876 876 877 877 878 879 880 881 882 884 885 887 889 891 894 897 900 903 907 911 915 920
919 919 919 919 919 918 918 918 917 917 916 916 915 915 914 913 913 912 911 910 910 909 908 907 907 906 905 904 903 903 902 901 900 899 898 898 897 896 895 894 893 893 892 891 890 890 889 888 887 887 886 886 885 885 885 885 884 884 884 884 884 884 884 884 884 884 884 884 884 884 885 885 885 886 886 887 888 889 890 891 892 894 896 898 900 902 905 908 911 915 918 923 927 932
923 923 923 923 923 923 923 922 922 922 921 921 920 920 919 918 918 917 916 916 915 914 914 913 912 911 911 910 909 908 907 907 906 905 904 903 903 902 901 900 899 899 898 897 896 895 895 894 893 893 892 892 891 891 891 891 891 891 891 891 891 892 892 892 892 892 892 893 893 893 893 894 894 895 896 896 897 899 900 901 903 905 907 909 911 914 916 919 923 926 930 934 939 944
928 928 928 928 928 928 928 927 927 927 926 926 925 925 924 924 923 922 922 921 920 920 919 918 918 917 916 915 915 914 913 912 911 911 910 909 908 908 907 906 905 904 904 903 902 901 901 900 900 899 898 898 898 897 897 897 898 898 898 898 899 899 899 900 900 900 901 901 901 902 902 903 903 904 905 906 907 909 910 912 914 916 918 920 922 925 928 931 934 938 942 947 951 956
932 932 932 933 933 932 932 932 932 932 931 931 930 930 929 929 928 928 927 926 926 925 924 924 923 922 922 921 920 920 919 918 917 917 916 915 914 913 913 912 911 910 910 909 908 908 907 906 906 905 905 904 904 904 904 904 904 905 905 906 906 907 907 908 908 908 909 909 910 910 911 912 913 914 915 916 917 919 921 922 924 927 929 931 934 937 940 943 946 950 954 959 964 969
937 937 937 937 937 937 937 937 937 937 936 936 935 935 935 934 934 933 932 932 931 931 930 929 929 928 927 927 926 925 925 924 923 922 922 921 920 919 919 918 917 917 916 915 915 914 913 913 912 912 911 911 911 910 911 911 911 912 912 913 914 914 915 916 916 917 917 918 919 919 920 921 922 923 924 926 927 929 931 933 935 938 940 943 946 949 952 955 959 963 967 972 977 983
941 941 942 942 942 942 942 942 942 941 941 941 941 940 940 939 939 938 938 937 937 936 936 935 934 934 933 932 932 931 930 930 929 928 928 927 926 926 925 924 924 923 922 922 921 920 920 919 919 918 918 917 917 917 917 918 918 919 920 921 922 922 923 924 924 925 926 927 927 928 929 930 931 933 934 936 938 939 942 944 946 949 952 955 958 961 964 968 972 976 980 985 991 996
946 946 946 947 947 947 947 947 947 946 946 946 946 945 945 945 944 944 943 943 942 942 941 941 940 939 939 938 938 937 936 936 935 934 934 933 932 932 931 930 930 929 929 928 927 927 926 926 925 925 925 924 924 924 924 925 926 927 928 929 930 930 931 932 933 934 934 935 936 937 938 939 941 942 944 946 948 950 952 955 957 960 963 967 970 973 977 981 985 989 994 999 1005 1010
950 951 951 951 951 952 952 952 952 952 951 951 951 951 950 950 950 949 949 948 948 947 947 946 946 945 945 944 944 943 942 942 941 941 940 939 939 938 937 937 936 936 935 935 934 934 933 933 932 932 932 932 931 932 932 933 933 935 936 937 938 939 940 941 941 942 943 944 945 946 947 949 950 952 954 956 958 960 963 966 969 972 975 979 982 986 990 994 999 1003 1008 1013 1019 1024
955 955 956 956 956 956 957 957 957 957 957 956 956 956 956 955 955 955 954 954 954 953 953 952 952 951 951 950 950 949 948 948 947 947 946 946 945 944 944 943 943 942 942 941 941 940 940 940 939 939 939 939 939 939 940 941 942 943 944 945 946 947 948 949 950 951 952 953 954 955 956 958 959 961 963 965 968 970 973 976 980 983 987 991 995 999 1003 1008 1012 1017 1022 1028 1033 1039
960 960 961 961 961 961 962 962 962 962 962 962 962 961 961 961 961 960 960 960 959 959 958 958 958 957 957 956 956 955 955 954 953 953 952 952 951 951 950 950 949 949 949 948 948 947 947 947 947 947 947 947 947 947 948 949 950 951 952 954 955 956 957 958 959 960 961 962 963 964 965 967 969 971 973 975 978 981 984 987 991 995 998 1003 1007 1011 1016 1021 1026 1031 1037 1042 1048 1053
964 965 965 966 966 966 967 967 967 967 967 967 967 967 967 966 966 966 966 965 965 965 964 964 963 963 963 962 962 961 961 960 960 959 959 958 958 957 957 957 956 956 955 955 955 955 954 954 954 954 954 954 955 955 956 957 958 960 961 962 964 965 966 967 968 968 969 970 972 973 974 976 978 980 982 985 988 991 994 998 1002 1006 1010 1015 1019 1024 1029 1034 1040 1045 1051 1056 1062 1068
969 970 970 971 971 971 972 972 972 972 972 972 972 972 972 972 972 972 971 971 971 970 970 970 969 969 969 968 968 967 967 967 966 966 965 965 965 964 964 963 963 963 962 962 962 962 962 962 962 962 962 962 963 964 965 966 967 968 970 971 972 974 975 976 976 977 978 979 980 982 983 985 987 989 992 995 998 1001 1005 1009 1013 1017 1022 1027 1032 1037 1042 1048 1053 1059 1065 1071 1076 1082
974 975 975 976 976 977 977 977 977 978 978 978 978 978 978 978 977 977 977 977 977 976 976 976 975 975 975 974 974 974 973 973 973 972 972 972 971 971 971 970 970 970 970 969 969 969 969 969 969 970 970 971 971 972 973 974 976 977 978 980 981 982 983 984 985 986 987 988 989 990 992 994 996 998 1001 1004 1008 1011 1015 1019 1024 1028 1033 1038 1044 1049 1055 1061 1066 1072 1079 1085 1090 1096
979 980 980 981 981 982 982 982 983 983 983 983 983 983 983 983 983 983 983 983 983 982 982 982 982 981 981 981 980 980 980 979 979 979 979 978 978 978 977 977 977 977 977 977 977 977 977 977 977 977 978 979 979 980 981 983 984 986 987 989 990 991 992 993 994 994 995 996 997 999 1001 1003 1005 1007 1010 1014 1017 1021 1025 1030 1034 1039 1044 1050 1055 1061 1067 1073 1079 1086 1092 1098 1104 1110
984 985 985 986 986 987 987 988 988 988 988 989 989 989 989 989 989 989 989 989 989 988 988 988 988 988 987 987 987 987 986 986 986 985 985 985 985 985 984 984 984 984 984 984 984 984 984 985 985 985 986 987 988 989 990 991 993 994 996 997 999 1000 1001 1002 1002 1003 1004 1005 1006 1007 1009 1011 1014 1016 1019 1023 1027 1031 1035 1040 1045 1050 1055 1061 1067 1073 1079 1086 1092 1098 1105 1111 1118 1123
