hdd18ann.txt
ncols         501
nrows         361
xllcorner     109.95
yllcorner     -45.05
cellsize      0.1
NODATA_value  -9999
[rows 246 to 286 of 361, columns 0 to 93 of 501]
537 541 545 548 552 557 561 565 569 574 578 583 587 592 597 602 607 612 618 623 629 635 641 647 653 660 666 673 680 687 695 702 710 718 727 735 744 753 763 772 782 793 803 814 825 837 849 861 874 886 899 913 927 940 955 969 984 998 1013 1028 1043 1058 1073 1087 1101 1116 1129 1143 1155 1168 1180 1191 1201 1211 1220 1228 1235 1241 1246 1251 1254 1256 1258 1258 1257 1255 1252 1248 1243 1237 1230 1223 1215 1207
548 552 556 560 564 568 572 576 581 585 590 594 599 604 609 614 619 625 630 636 642 648 654 660 666 673 680 687 694 701 709 716 724 733 741 750 759 768 777 787 797 808 818 829 841 852 864 876 889 901 914 928 941 955 969 983 998 1012 1026 1041 1056 1070 1084 1099 1113 1126 1140 1153 1165 1177 1189 1199 1209 1219 1227 1235 1242 1248 1253 1257 1260 1263 1264 1264 1263 1261 1258 1253 1248 1243 1236 1229 1221 1212
559 563 567 571 575 579 583 588 592 597 601 606 611 616 621 626 632 637 643 648 654 660 667 673 679 686 693 700 707 715 722 730 738 747 755 764 773 782 792 802 812 822 833 844 856 867 879 891 904 916 929 942 956 969 983 997 1011 1025 1039 1054 1068 1082 1096 1110 1124 1137 1150 1163 1175 1186 1197 1208 1218 1227 1235 1242 1249 1255 1260 1264 1267 1268 1269 1269 1268 1266 1263 1259 1254 1248 1241 1234 1226 1218
570 574 578 582 586 590 595 599 604 608 613 618 623 628 633 639 644 650 655 661 667 673 680 686 693 699 706 714 721 728 736 744 752 761 769 778 787 797 807 817 827 837 848 859 870 882 894 906 918 931 944 957 970 983 997 1011 1024 1038 1052 1066 1080 1094 1108 1121 1134 1147 1160 1172 1184 1195 1206 1216 1226 1234 1242 1250 1256 1262 1266 1270 1273 1274 1275 1275 1273 1271 1268 1264 1259 1253 1247 1239 1232 1223
581 585 589 593 597 602 606 611 615 620 625 630 635 640 645 651 656 662 668 674 680 686 692 699 706 713 720 727 734 742 750 758 766 775 784 793 802 811 821 831 841 852 863 874 885 896 908 920 933 945 958 971 984 997 1011 1024 1038 1051 1065 1078 1092 1105 1119 1132 1145 1157 1170 1182 1193 1204 1214 1224 1233 1242 1250 1257 1263 1268 1272 1276 1278 1280 1280 1280 1279 1276 1273 1269 1264 1258 1252 1244 1237 1228
592 596 600 604 609 613 618 622 627 632 637 642 647 652 658 663 669 674 680 686 693 699 705 712 719 726 733 740 748 756 764 772 780 789 798 807 816 825 835 845 856 866 877 888 899 911 923 935 947 959 972 985 998 1011 1024 1037 1050 1064 1077 1090 1103 1117 1130 1142 1155 1167 1179 1191 1202 1213 1223 1232 1241 1249 1257 1264 1269 1274 1279 1282 1284 1285 1286 1285 1284 1281 1278 1274 1269 1263 1256 1249 1242 1233
603 607 611 616 620 625 629 634 639 644 649 654 659 664 670 675 681 687 693 699 705 712 718 725 732 739 746 754 761 769 777 785 794 803 811 821 830 839 849 859 870 880 891 902 913 925 937 949 961 973 986 998 1011 1024 1037 1050 1063 1076 1089 1102 1115 1128 1140 1153 1165 1177 1189 1200 1211 1221 1231 1240 1249 1257 1264 1270 1276 1281 1285 1288 1290 1291 1291 1290 1289 1286 1283 1278 1273 1268 1261 1254 1246 1238
614 618 622 627 631 636 641 645 650 655 660 666 671 676 682 688 693 699 705 712 718 724 731 738 745 752 759 767 775 783 791 799 808 816 825 834 844 853 863 873 884 894 905 916 927 939 950 962 974 987 999 1011 1024 1037 1049 1062 1075 1088 1100 1113 1126 1138 1151 1163 1175 1186 1198 1209 1219 1229 1239 1248 1256 1264 1271 1277 1282 1287 1290 1293 1295 1296 1296 1295 1293 1291 1287 1283 1278 1272 1266 1259 1251 1243
625 629 634 638 643 647 652 657 662 667 672 678 683 688 694 700 706 712 718 724 731 737 744 751 758 765 773 780 788 796 804 813 821 830 839 848 857 867 877 887 897 908 919 930 941 952 964 976 988 1000 1012 1024 1037 1049 1062 1074 1087 1099 1112 1124 1136 1149 1161 1173 1184 1195 1206 1217 1227 1237 1246 1255 1263 1270 1277 1283 1288 1293 1296 1299 1300 1301 1301 1300 1298 1295 1292 1287 1282 1277 1270 1263 1256 1247
636 641 645 650 654 659 664 669 674 679 684 690 695 701 706 712 718 724 730 737 743 750 757 764 771 778 786 793 801 809 817 826 835 843 852 862 871 881 891 901 911 921 932 943 954 966 977 989 1001 1013 1025 1037 1049 1061 1074 1086 1098 1110 1123 1135 1147 1159 1170 1182 1193 1204 1215 1225 1235 1245 1254 1262 1270 1277 1284 1289 1294 1298 1302 1304 1306 1306 1306 1305 1303 1300 1296 1292 1287 1281 1275 1268 1260 1252
647 652 656 661 666 671 675 680 686 691 696 701 707 713 718 724 730 737 743 749 756 763 770 777 784 791 799 806 814 822 831 839 848 857 866 875 884 894 904 914 924 935 946 956 967 979 990 1002 1013 1025 1037 1049 1061 1073 1085 1097 1109 1121 1133 1145 1157 1169 1180 1191 1202 1213 1223 1233 1243 1252 1261 1269 1277 1284 1290 1295 1300 1304 1307 1309 1311 1311 1311 1309 1307 1304 1301 1296 1291 1285 1279 1272 1265 1257
659 663 668 672 677 682 687 692 697 703 708 713 719 725 731 737 743 749 755 762 768 775 782 789 797 804 812 819 827 835 844 852 861 870 879 888 898 907 917 927 938 948 959 969 980 991 1003 1014 1026 1037 1049 1061 1073 1085 1097 1108 1120 1132 1144 1155 1167 1178 1189 1200 1211 1221 1231 1241 1251 1259 1268 1276 1283 1290 1296 1301 1306 1310 1313 1315 1316 1316 1315 1314 1312 1309 1305 1300 1295 1290 1283 1276 1269 1261
670 674 679 684 689 694 699 704 709 714 720 725 731 737 743 749 755 761 768 774 781 788 795 802 809 817 824 832 840 848 857 865 874 883 892 901 911 920 930 940 950 961 971 982 993 1004 1015 1027 1038 1049 1061 1073 1084 1096 1108 1119 1131 1142 1154 1165 1176 1187 1198 1209 1219 1230 1239 1249 1258 1266 1275 1282 1289 1296 1302 1307 1311 1315 1318 1320 1320 1320 1320 1318 1316 1313 1309 1305 1300 1294 1288 1281 1273 1266
681 686 690 695 700 705 710 715 721 726 732 737 743 749 755 761 767 773 780 787 793 800 807 815 822 830 837 845 853 861 870 878 887 896 905 914 924 933 943 953 963 974 984 995 1005 1016 1027 1039 1050 1061 1073 1084 1095 1107 1118 1130 1141 1152 1164 1175 1186 1196 1207 1217 1228 1237 1247 1256 1265 1273 1281 1288 1295 1302 1307 1312 1317 1320 1323 1324 1325 1325 1324 1322 1320 1317 1313 1309 1304 1298 1292 1285 1278 1270
692 697 702 707 712 717 722 727 732 738 743 749 755 761 767 773 779 786 792 799 806 813 820 827 835 842 850 858 866 874 882 891 900 909 918 927 936 946 956 966 976 986 996 1007 1018 1028 1039 1050 1061 1073 1084 1095 1106 1118 1129 1140 1151 1162 1173 1184 1195 1205 1216 1226 1236 1245 1254 1263 1272 1280 1287 1295 1301 1307 1313 1317 1321 1325 1327 1329 1329 1329 1328 1326 1324 1321 1317 1313 1308 1302 1296 1289 1282 1275
703 708 713 718 723 728 733 739 744 750 755 761 767 773 779 785 791 798 804 811 818 825 832 840 847 855 862 870 878 887 895 904 912 921 930 939 949 958 968 978 988 998 1009 1019 1030 1040 1051 1062 1073 1084 1095 1106 1117 1128 1139 1150 1161 1172 1182 1193 1204 1214 1224 1234 1243 1253 1261 1270 1278 1286 1293 1300 1307 1312 1318 1322 1326 1329 1331 1333 1333 1333 1332 1330 1328 1325 1321 1317 1312 1306 1300 1294 1287 1279
715 719 724 729 734 740 745 750 756 761 767 773 779 785 791 797 803 810 817 823 830 837 845 852 859 867 875 883 891 899 907 916 925 934 943 952 961 971 980 990 1000 1010 1020 1031 1041 1052 1062 1073 1084 1095 1106 1117 1127 1138 1149 1160 1170 1181 1192 1202 1212 1222 1232 1241 1251 1260 1268 1277 1285 1292 1299 1306 1312 1318 1323 1327 1330 1333 1335 1337 1337 1337 1336 1334 1332 1329 1325 1320 1316 1310 1304 1298 1291 1283
726 731 736 741 746 751 756 762 767 773 779 784 790 797 803 809 815 822 829 836 842 850 857 864 872 879 887 895 903 911 920 928 937 946 955 964 973 983 993 1002 1012 1022 1032 1042 1053 1063 1074 1084 1095 1106 1116 1127 1138 1148 1159 1169 1180 1190 1200 1210 1220 1230 1240 1249 1258 1267 1275 1283 1291 1298 1305 1311 1317 1322 1327 1331 1335 1337 1339 1340 1341 1341 1339 1338 1335 1332 1329 1324 1319 1314 1308 1302 1295 1288
737 742 747 752 757 762 768 773 779 785 790 796 802 808 815 821 827 834 841 848 855 862 869 876 884 892 899 907 915 924 932 941 949 958 967 976 985 995 1004 1014 1024 1034 1044 1054 1064 1074 1085 1095 1106 1116 1127 1137 1148 1158 1168 1179 1189 1199 1209 1219 1229 1238 1247 1256 1265 1274 1282 1290 1297 1304 1310 1317 1322 1327 1332 1336 1339 1341 1343 1344 1344 1344 1343 1341 1339 1336 1332 1328 1323 1318 1312 1306 1300 1292
748 753 758 763 769 774 779 785 790 796 802 808 814 820 826 833 839 846 853 860 867 874 881 888 896 904 911 919 927 936 944 953 961 970 979 988 997 1007 1016 1026 1035 1045 1055 1065 1075 1085 1095 1106 1116 1126 1137 1147 1157 1167 1178 1188 1198 1208 1217 1227 1236 1246 1255 1263 1272 1280 1288 1296 1303 1310 1316 1322 1327 1332 1336 1340 1343 1345 1347 1348 1348 1348 1347 1345 1342 1339 1336 1332 1327 1322 1316 1310 1304 1297
759 764 769 775 780 785 791 796 802 808 814 820 826 832 838 845 851 858 865 871 878 886 893 900 908 916 923 931 939 948 956 965 973 982 991 1000 1009 1018 1028 1037 1047 1056 1066 1076 1086 1096 1106 1116 1126 1136 1147 1157 1167 1177 1187 1197 1206 1216 1226 1235 1244 1253 1262 1270 1279 1287 1294 1302 1308 1315 1321 1327 1332 1336 1340 1344 1347 1349 1350 1351 1352 1351 1350 1348 1346 1343 1340 1336 1331 1326 1321 1315 1308 1301
770 775 781 786 791 797 802 808 813 819 825 831 837 843 850 856 863 870 876 883 890 897 905 912 920 927 935 943 951 959 968 976 985 994 1002 1011 1020 1030 1039 1048 1058 1067 1077 1087 1097 1107 1116 1126 1136 1146 1156 1166 1176 1186 1196 1205 1215 1224 1234 1243 1252 1260 1269 1277 1285 1293 1300 1307 1314 1320 1326 1331 1336 1341 1345 1348 1351 1353 1354 1355 1355 1355 1353 1352 1350 1347 1343 1339 1335 1330 1325 1319 1313 1306
782 787 792 797 802 808 813 819 825 831 837 843 849 855 861 868 874 881 888 895 902 909 917 924 932 939 947 955 963 971 979 988 996 1005 1014 1023 1032 1041 1050 1059 1069 1078 1088 1098 1107 1117 1127 1136 1146 1156 1166 1176 1185 1195 1204 1214 1223 1232 1241 1250 1259 1268 1276 1284 1292 1299 1306 1313 1319 1325 1331 1336 1341 1345 1349 1352 1354 1356 1358 1358 1359 1358 1357 1355 1353 1350 1347 1343 1339 1334 1329 1323 1317 1311
793 798 803 808 814 819 825 830 836 842 848 854 860 867 873 879 886 893 900 907 914 921 928 936 943 951 959 967 975 983 991 999 1008 1016 1025 1034 1043 1052 1061 1070 1080 1089 1098 1108 1117 1127 1137 1146 1156 1166 1175 1185 1194 1204 1213 1222 1231 1240 1249 1258 1266 1275 1283 1290 1298 1305 1312 1319 1325 1331 1336 1341 1345 1349 1353 1356 1358 1360 1361 1362 1362 1361 1360 1359 1357 1354 1351 1347 1343 1338 1333 1327 1321 1315
804 809 814 819 825 830 836 842 848 853 859 866 872 878 884 891 898 904 911 918 925 932 940 947 955 962 970 978 986 994 1002 1011 1019 1028 1036 1045 1054 1063 1072 1081 1090 1100 1109 1118 1128 1137 1147 1156 1165 1175 1184 1194 1203 1212 1221 1230 1239 1248 1257 1265 1273 1281 1289 1297 1304 1311 1318 1324 1330 1336 1341 1346 1350 1354 1357 1360 1362 1364 1365 1365 1365 1365 1364 1362 1360 1357 1354 1351 1347 1342 1337 1332 1326 1320
815 820 825 831 836 842 847 853 859 865 871 877 883 889 896 902 909 916 923 930 937 944 951 959 966 974 982 989 997 1005 1014 1022 1030 1039 1047 1056 1065 1074 1083 1092 1101 1110 1119 1128 1138 1147 1156 1165 1175 1184 1193 1202 1212 1221 1230 1238 1247 1256 1264 1272 1280 1288 1296 1303 1310 1317 1323 1329 1335 1341 1346 1350 1354 1358 1361 1364 1366 1367 1368 1369 1369 1368 1367 1366 1364 1361 1358 1354 1350 1346 1341 1336 1330 1324
826 831 836 842 847 853 858 864 870 876 882 888 894 901 907 914 920 927 934 941 948 955 963 970 977 985 993 1001 1009 1017 1025 1033 1041 1050 1058 1067 1076 1084 1093 1102 1111 1120 1129 1138 1147 1157 1166 1175 1184 1193 1202 1211 1220 1229 1238 1246 1255 1263 1271 1279 1287 1295 1302 1309 1316 1323 1329 1335 1340 1345 1350 1355 1359 1362 1365 1368 1370 1371 1372 1373 1373 1372 1371 1369 1367 1365 1362 1358 1354 1350 1345 1340 1335 1329
837 842 847 853 858 864 870 875 881 887 893 899 906 912 918 925 932 938 945 952 959 967 974 981 989 996 1004 1012 1020 1028 1036 1044 1052 1061 1069 1078 1086 1095 1104 1112 1121 1130 1139 1148 1157 1166 1175 1184 1193 1202 1211 1220 1228 1237 1246 1254 1262 1270 1278 1286 1294 1301 1308 1315 1322 1328 1334 1340 1345 1350 1355 1359 1363 1366 1369 1371 1373 1375 1376 1376 1376 1376 1375 1373 1371 1369 1366 1362 1359 1354 1350 1345 1340 1334
848 853 858 864 869 875 881 886 892 898 904 911 917 923 930 936 943 950 956 963 971 978 985 992 1000 1007 1015 1023 1031 1039 1047 1055 1063 1071 1080 1088 1097 1105 1114 1122 1131 1140 1149 1158 1166 1175 1184 1193 1202 1211 1219 1228 1236 1245 1253 1262 1270 1278 1285 1293 1300 1308 1315 1321 1328 1334 1340 1345 1350 1355 1360 1364 1367 1370 1373 1375 1377 1379 1379 1380 1380 1379 1378 1377 1375 1372 1370 1366 1363 1359 1354 1349 1344 1339
858 864 869 875 880 886 892 897 903 909 915 922 928 934 941 947 954 961 968 975 982 989 996 1003 1011 1018 1026 1034 1041 1049 1057 1065 1074 1082 1090 1098 1107 1115 1124 1132 1141 1150 1158 1167 1176 1185 1193 1202 1211 1219 1228 1236 1244 1253 1261 1269 1277 1285 1292 1300 1307 1314 1321 1327 1333 1339 1345 1350 1355 1360 1364 1368 1371 1375 1377 1379 1381 1382 1383 1384 1384 1383 1382 1380 1379 1376 1373 1370 1367 1363 1358 1354 1349 1344
869 875 880 886 891 897 903 908 914 920 926 933 939 945 952 958 965 972 979 986 993 1000 1007 1014 1022 1029 1037 1044 1052 1060 1068 1076 1084 1092 1100 1109 1117 1125 1134 1142 1151 1159 1168 1176 1185 1194 1202 1211 1219 1228 1236 1244 1252 1260 1268 1276 1284 1292 1299 1306 1313 1320 1327 1333 1339 1345 1350 1355 1360 1365 1369 1372 1376 1379 1381 1383 1385 1386 1387 1387 1387 1387 1386 1384 1382 1380 1377 1374 1371 1367 1363 1358 1354 1349
880 885 891 896 902 908 913 919 925 931 937 944 950 956 963 969 976 983 990 996 1003 1011 1018 1025 1032 1040 1047 1055 1063 1071 1078 1086 1094 1102 1111 1119 1127 1135 1144 1152 1160 1169 1177 1186 1194 1202 1211 1219 1228 1236 1244 1252 1260 1268 1276 1284 1291 1298 1306 1313 1320 1326 1333 1339 1345 1350 1355 1360 1365 1369 1373 1377 1380 1383 1385 1387 1389 1390 1391 1391 1391 1391 1390 1388 1386 1384 1382 1379 1375 1371 1367 1363 1358 1353
891 896 902 907 913 919 924 930 936 942 948 954 961 967 974 980 987 994 1000 1007 1014 1021 1029 1036 1043 1051 1058 1066 1073 1081 1089 1097 1105 1113 1121 1129 1137 1145 1153 1162 1170 1178 1186 1195 1203 1211 1220 1228 1236 1244 1252 1260 1268 1276 1283 1291 1298 1305 1312 1319 1326 1332 1338 1344 1350 1355 1361 1365 1370 1374 1378 1381 1384 1387 1389 1391 1393 1394 1395 1395 1395 1394 1393 1392 1390 1388 1386 1383 1380 1376 1372 1368 1363 1358
902 907 912 918 924 929 935 941 947 953 959 965 972 978 984 991 998 1004 1011 1018 1025 1032 1039 1046 1054 1061 1068 1076 1084 1091 1099 1107 1115 1123 1131 1139 1147 1155 1163 1171 1179 1187 1195 1204 1212 1220 1228 1236 1244 1252 1260 1268 1275 1283 1290 1298 1305 1312 1319 1325 1332 1338 1344 1350 1356 1361 1366 1370 1375 1379 1382 1386 1389 1391 1394 1396 1397 1398 1399 1399 1399 1398 1397 1396 1394 1392 1390 1387 1384 1380 1377 1373 1368 1364
912 918 923 929 934 940 946 952 958 964 970 976 982 989 995 1002 1008 1015 1022 1029 1036 1043 1050 1057 1064 1071 1079 1086 1094 1101 1109 1117 1125 1132 1140 1148 1156 1164 1172 1180 1188 1196 1204 1212 1220 1228 1236 1244 1252 1260 1268 1275 1283 1290 1298 1305 1312 1319 1325 1332 1338 1344 1350 1356 1361 1366 1371 1375 1380 1384 1387 1390 1393 1396 1398 1400 1401 1402 1403 1403 1403 1402 1401 1400 1398 1396 1394 1391 1388 1385 1381 1377 1373 1369
923 928 934 939 945 951 957 962 968 974 981 987 993 999 1006 1012 1019 1026 1032 1039 1046 1053 1060 1067 1074 1082 1089 1097 1104 1112 1119 1127 1135 1142 1150 1158 1166 1174 1182 1189 1197 1205 1213 1221 1229 1237 1245 1252 1260 1268 1275 1283 1290 1297 1305 1312 1318 1325 1332 1338 1344 1350 1356 1361 1366 1371 1376 1380 1384 1388 1392 1395 1398 1400 1402 1404 1405 1406 1407 1407 1407 1406 1405 1404 1403 1401 1398 1396 1393 1390 1386 1382 1378 1374
933 939 944 950 956 961 967 973 979 985 991 997 1004 1010 1016 1023 1029 1036 1043 1050 1057 1063 1071 1078 1085 1092 1099 1107 1114 1122 1129 1137 1144 1152 1160 1167 1175 1183 1191 1199 1206 1214 1222 1230 1238 1245 1253 1261 1268 1276 1283 1290 1298 1305 1312 1318 1325 1332 1338 1344 1350 1356 1361 1367 1372 1377 1381 1385 1389 1393 1396 1399 1402 1404 1406 1408 1409 1410 1411 1411 1411 1411 1410 1408 1407 1405 1403 1400 1397 1394 1391 1387 1383 1379
944 949 955 960 966 972 978 984 990 996 1002 1008 1014 1020 1027 1033 1040 1047 1053 1060 1067 1074 1081 1088 1095 1102 1109 1117 1124 1131 1139 1146 1154 1162 1169 1177 1184 1192 1200 1208 1215 1223 1231 1238 1246 1253 1261 1268 1276 1283 1291 1298 1305 1312 1319 1325 1332 1338 1344 1350 1356 1362 1367 1372 1377 1382 1386 1390 1394 1398 1401 1404 1407 1409 1411 1412 1414 1415 1415 1415 1415 1415 1414 1413 1411 1409 1407 1405 1402 1399 1396 1392 1388 1384
954 960 965 971 977 982 988 994 1000 1006 1012 1018 1025 1031 1037 1044 1050 1057 1064 1070 1077 1084 1091 1098 1105 1112 1119 1127 1134 1141 1149 1156 1163 1171 1178 1186 1194 1201 1209 1216 1224 1232 1239 1247 1254 1262 1269 1276 1284 1291 1298 1305 1312 1319 1325 1332 1338 1344 1351 1356 1362 1368 1373 1378 1383 1387 1391 1395 1399 1403 1406 1409 1411 1413 1415 1417 1418 1419 1419 1420 1419 1419 1418 1417 1416 1414 1412 1409 1407 1404 1401 1397 1394 1390
965 970 976 981 987 993 999 1005 1010 1016 1023 1029 1035 1041 1048 1054 1061 1067 1074 1081 1087 1094 1101 1108 1115 1122 1129 1136 1144 1151 1158 1166 1173 1180 1188 1195 1203 1210 1218 1225 1233 1240 1248 1255 1262 1270 1277 1284 1291 1298 1305 1312 1319 1326 1332 1339 1345 1351 1357 1362 1368 1373 1378 1383 1388 1392 1397 1400 1404 1407 1410 1413 1416 1418 1420 1421 1422 1423 1424 1424 1424 1423 1423 1421 1420 1418 1416 1414 1412 1409 1406 1402 1399 1395
975 981 986 992 997 1003 1009 1015 1021 1027 1033 1039 1045 1052 1058 1064 1071 1077 1084 1091 1097 1104 1111 1118 1125 1132 1139 1146 1153 1160 1168 1175 1182 1190 1197 1204 1212 1219 1226 1234 1241 1249 1256 1263 1270 1278 1285 1292 1299 1306 1313 1319 1326 1332 1339 1345 1351 1357 1363 1368 1374 1379 1384 1389 1393 1398 1402 1405 1409 1412 1415 1418 1420 1422 1424 1426 1427 1428 1428 1428 1428 1428 1427 1426 1425 1423 1421 1419 1416 1414 1411 1408 1404 1400
