hdd18ann.txt
ncols         501
nrows         361
xllcorner     109.95
yllcorner     -45.05
cellsize      0.1
NODATA_value  -9999
[rows 164 to 204 of 361, columns 282 to 375 of 501]
419 416 412 409 406 403 400 398 395 392 390 388 386 384 382 380 379 377 376 375 374 373 372 371 370 370 369 369 369 369 368 368 368 369 369 369 370 370 371 372 372 373 374 376 377 378 380 382 384 386 388 390 393 395 398 401 404 408 412 415 419 424 428 432 437 442 447 452 457 462 467 472 477 482 486 491 495 498 502 505 508 510 512 513 514 514 515 515 514 514 513 512 511 509
423 420 417 414 411 408 405 402 400 397 395 393 391 389 387 386 384 383 382 381 380 379 378 377 376 376 376 375 375 375 375 375 375 375 375 376 376 377 377 378 379 380 381 382 383 385 386 388 390 392 394 397 399 402 405 408 411 415 418 422 426 430 435 440 444 449 454 459 465 470 475 480 485 490 495 500 504 508 511 514 517 519 521 522 523 523 523 523 523 522 521 520 519 517
427 424 421 418 415 412 409 407 404 402 400 398 396 394 393 391 390 388 387 386 385 385 384 383 383 382 382 381 381 381 381 381 381 381 382 382 382 383 384 384 385 386 387 389 390 391 393 395 396 398 401 403 406 408 411 414 418 421 425 429 433 437 442 446 451 456 462 467 472 478 483 488 494 499 504 508 513 517 520 523 526 528 530 531 532 532 532 532 531 530 529 528 526 525
431 428 425 422 419 417 414 412 409 407 405 403 401 400 398 397 395 394 393 392 391 391 390 389 389 388 388 388 388 387 387 387 388 388 388 388 389 389 390 391 392 393 394 395 396 398 399 401 403 405 407 409 412 415 417 421 424 427 431 435 439 444 448 453 458 463 469 474 480 485 491 496 502 507 512 517 521 525 529 532 535 537 539 540 540 541 540 540 539 538 537 535 534 533
435 432 429 427 424 421 419 417 414 412 410 408 407 405 404 402 401 400 399 398 397 397 396 395 395 395 394 394 394 394 394 394 394 394 395 395 395 396 397 397 398 399 400 401 403 404 406 407 409 411 413 416 418 421 424 427 430 434 437 441 446 450 455 460 465 470 475 481 487 492 498 504 509 515 520 525 529 534 538 541 544 546 547 548 549 549 548 547 546 545 544 543 541 540
439 437 434 431 429 426 424 421 419 417 415 414 412 411 409 408 407 406 405 404 403 403 402 402 401 401 401 401 400 400 400 401 401 401 401 402 402 403 403 404 405 406 407 408 409 411 412 414 416 417 420 422 424 427 430 433 436 440 444 448 452 456 461 466 471 477 482 488 493 499 505 511 516 522 527 533 537 542 546 549 552 554 555 556 557 556 556 555 554 552 551 549 548 546
444 441 438 436 433 431 429 427 424 423 421 419 418 416 415 414 413 412 411 410 410 409 409 408 408 408 407 407 407 407 407 407 407 408 408 408 409 409 410 411 411 412 413 414 416 417 419 420 422 424 426 428 431 433 436 439 442 446 449 453 458 462 467 472 477 483 488 494 500 506 512 517 523 529 535 540 545 549 553 557 560 562 563 564 564 563 563 562 560 559 557 556 554 553
448 445 443 440 438 436 434 432 430 428 426 425 423 422 421 420 419 418 417 417 416 415 415 415 414 414 414 414 414 414 414 414 414 414 415 415 415 416 417 417 418 419 420 421 422 424 425 427 428 430 432 434 437 439 442 445 448 452 455 459 464 468 473 478 483 489 494 500 506 512 518 524 530 536 541 547 552 556 561 564 567 569 570 571 571 570 569 568 566 565 563 562 560 558
452 450 447 445 443 441 439 437 435 433 432 430 429 428 427 426 425 424 424 423 422 422 422 421 421 421 421 421 420 421 421 421 421 421 421 422 422 423 423 424 425 426 427 428 429 430 431 433 435 436 438 440 443 445 448 451 454 457 461 465 469 474 478 483 489 494 500 506 512 518 524 530 536 542 547 553 558 563 567 571 574 576 577 577 577 576 575 574 572 570 569 567 565 564
457 454 452 450 448 446 444 442 441 439 438 436 435 434 433 432 431 431 430 429 429 429 428 428 428 428 427 427 427 427 427 428 428 428 428 429 429 430 430 431 432 432 433 434 435 437 438 439 441 443 445 447 449 451 454 457 460 463 467 470 475 479 484 489 494 500 505 511 517 523 529 535 541 547 553 558 564 569 573 577 580 582 583 583 582 581 580 579 577 575 573 572 570 569
461 459 457 455 453 451 449 448 446 445 443 442 441 440 439 438 438 437 437 436 436 435 435 435 435 434 434 434 434 434 434 435 435 435 435 436 436 437 437 438 438 439 440 441 442 443 444 446 447 449 451 453 455 457 460 463 465 469 472 476 480 484 489 494 499 505 511 516 522 528 534 540 546 552 558 563 569 574 578 582 585 587 588 588 587 586 584 583 581 579 578 576 575 573
466 464 462 460 458 456 455 453 452 451 449 448 447 446 446 445 444 444 443 443 442 442 442 442 442 441 441 441 441 441 442 442 442 442 442 443 443 444 444 445 445 446 447 448 449 450 451 452 454 455 457 459 461 463 466 468 471 474 478 481 485 490 494 499 504 510 516 521 527 533 539 545 551 556 562 568 573 578 582 586 589 591 591 591 591 590 588 587 585 583 582 580 578 577
470 469 467 465 463 462 460 459 458 457 455 454 454 453 452 451 451 450 450 450 449 449 449 449 449 449 448 449 449 449 449 449 449 449 450 450 450 451 451 452 452 453 454 454 455 456 458 459 460 462 463 465 467 469 472 474 477 480 483 487 490 495 499 504 509 515 520 526 532 537 543 549 555 560 566 571 576 581 585 589 591 593 594 594 593 592 591 590 588 586 585 583 582 581
475 473 472 470 469 467 466 465 464 463 462 461 460 459 459 458 458 457 457 456 456 456 456 456 456 456 456 456 456 456 456 456 456 457 457 457 458 458 458 459 459 460 461 461 462 463 464 465 467 468 470 471 473 475 477 480 483 485 489 492 496 500 504 509 514 519 525 530 536 541 547 553 558 564 569 574 579 583 587 591 593 595 596 596 595 595 593 592 590 589 587 586 585 584
480 479 477 476 474 473 472 471 470 469 468 467 466 466 465 465 464 464 464 464 463 463 463 463 463 463 463 463 463 463 463 464 464 464 464 465 465 465 466 466 466 467 468 468 469 470 471 472 473 474 476 477 479 481 483 486 488 491 494 497 501 505 509 514 519 524 529 534 540 545 551 556 561 567 572 577 581 585 589 592 594 596 597 597 597 596 595 594 592 591 590 588 587 586
485 484 482 481 480 479 478 477 476 475 474 474 473 472 472 472 471 471 471 471 471 470 470 470 470 471 471 471 471 471 471 471 471 472 472 472 472 473 473 473 474 474 475 475 476 477 478 479 480 481 482 484 485 487 489 492 494 497 500 503 506 510 514 519 524 528 533 538 544 549 554 559 564 569 574 579 583 587 590 593 595 597 598 598 598 597 596 595 594 593 592 590 589 589
490 489 488 487 485 484 484 483 482 481 481 480 480 479 479 479 478 478 478 478 478 478 478 478 478 478 478 478 478 479 479 479 479 479 479 480 480 480 480 481 481 481 482 482 483 484 484 485 486 487 489 490 492 493 495 497 500 502 505 508 512 515 519 524 528 533 537 542 547 552 557 562 567 572 576 580 584 588 591 594 596 597 598 598 598 598 597 596 595 594 593 592 591 591
496 494 493 492 491 490 490 489 488 488 487 487 486 486 486 486 486 485 485 485 485 485 485 486 486 486 486 486 486 486 486 487 487 487 487 487 487 488 488 488 488 489 489 490 490 491 491 492 493 494 495 496 498 499 501 503 505 508 511 514 517 520 524 528 533 537 541 546 551 555 560 565 569 574 578 582 585 589 592 594 596 597 598 599 599 598 598 597 596 595 594 593 593 592
501 500 499 498 497 497 496 495 495 494 494 494 493 493 493 493 493 493 493 493 493 493 493 493 493 494 494 494 494 494 494 494 495 495 495 495 495 495 496 496 496 496 497 497 497 498 498 499 500 501 502 503 504 506 507 509 511 514 516 519 522 526 529 533 537 541 545 550 554 558 563 567 571 575 579 583 586 589 592 594 596 597 598 599 599 598 598 597 597 596 595 594 594 594
506 506 505 504 503 503 502 502 501 501 501 501 500 500 500 500 500 500 500 501 501 501 501 501 501 502 502 502 502 502 502 502 503 503 503 503 503 503 503 503 504 504 504 504 505 505 505 506 507 507 508 509 510 512 513 515 517 519 522 524 527 530 534 537 541 545 549 553 557 561 566 570 573 577 581 584 587 590 592 594 596 597 598 599 599 599 598 598 597 596 596 595 595 595
512 511 511 510 509 509 509 508 508 508 508 508 508 508 508 508 508 508 508 508 509 509 509 509 509 510 510 510 510 510 510 511 511 511 511 511 511 511 511 511 511 511 512 512 512 512 513 513 514 514 515 516 517 518 519 521 523 525 527 530 532 535 539 542 546 549 553 557 561 564 568 572 575 579 582 585 588 591 593 595 596 597 598 599 599 599 598 598 597 597 596 596 596 596
518 517 517 516 516 515 515 515 515 515 515 515 515 515 515 515 515 516 516 516 516 517 517 517 518 518 518 518 518 519 519 519 519 519 519 519 519 519 519 519 519 519 519 519 519 520 520 520 521 521 522 522 523 524 525 527 529 530 533 535 538 540 543 547 550 553 557 560 564 567 571 574 577 581 584 586 589 591 593 595 596 597 598 598 599 599 598 598 598 597 597 597 597 597
524 523 523 522 522 522 522 522 522 522 522 522 522 522 523 523 523 524 524 524 525 525 525 526 526 526 526 527 527 527 527 527 527 527 527 527 527 527 527 527 527 527 527 527 527 527 527 527 528 528 528 529 530 531 532 533 534 536 538 540 543 545 548 551 554 557 560 564 567 570 573 576 579 582 585 588 590 592 594 595 596 597 598 598 599 599 598 598 598 598 597 597 597 598
530 529 529 529 529 529 529 529 529 529 529 529 530 530 530 531 531 532 532 532 533 533 534 534 534 535 535 535 535 536 536 536 536 536 536 536 536 536 536 535 535 535 535 535 535 535 535 535 535 535 535 536 536 537 538 539 540 542 544 546 548 550 553 556 558 561 564 567 570 573 576 579 581 584 587 589 591 593 594 596 597 598 598 599 599 599 599 598 598 598 598 598 598 599
536 536 536 535 535 536 536 536 536 536 537 537 537 538 538 539 539 540 540 541 541 542 542 542 543 543 544 544 544 544 544 544 545 545 545 544 544 544 544 544 544 543 543 543 543 542 542 542 542 542 542 543 543 544 544 545 546 548 549 551 553 555 558 560 563 565 568 571 573 576 579 581 584 586 588 590 592 594 595 596 597 598 599 599 599 599 599 599 599 599 599 599 599 600
542 542 542 542 542 543 543 543 543 544 544 545 545 546 546 547 547 548 549 549 550 550 551 551 552 552 552 553 553 553 553 553 553 553 553 553 553 553 553 552 552 552 551 551 551 550 550 550 550 550 550 550 550 550 551 551 552 554 555 557 559 561 563 565 567 570 572 575 577 579 582 584 586 588 590 592 593 595 596 597 598 599 599 600 600 600 600 600 599 599 600 600 600 601
549 549 549 549 549 550 550 550 551 551 552 553 553 554 554 555 556 556 557 558 558 559 559 560 560 561 561 561 562 562 562 562 562 562 562 562 562 561 561 561 560 560 560 559 559 558 558 557 557 557 557 557 557 557 557 558 559 560 561 562 564 566 568 570 572 574 576 578 581 583 585 587 589 590 592 594 595 596 598 598 599 600 600 600 600 600 600 600 600 600 601 601 602 603
555 555 556 556 556 557 557 558 558 559 560 560 561 562 563 563 564 565 566 566 567 568 568 569 569 570 570 571 571 571 571 571 571 571 571 571 571 570 570 570 569 569 568 567 567 566 566 565 565 564 564 564 564 564 564 564 565 566 567 568 570 571 573 575 577 579 580 582 584 586 588 590 591 593 594 596 597 598 599 600 601 601 601 601 602 602 601 601 601 602 602 602 603 604
562 562 563 563 564 564 565 565 566 567 568 569 569 570 571 572 573 574 574 575 576 577 577 578 578 579 579 580 580 580 580 580 580 580 580 580 580 579 579 578 578 577 576 576 575 574 574 573 573 572 572 571 571 571 571 571 572 572 573 574 575 577 578 580 581 583 585 587 588 590 591 593 594 596 597 598 599 600 601 602 602 603 603 603 603 603 603 603 603 603 604 604 605 606
569 569 570 570 571 572 572 573 574 575 576 577 578 579 580 581 581 582 583 584 585 586 586 587 588 588 589 589 589 590 590 590 590 590 589 589 589 588 588 587 587 586 585 584 584 583 582 581 580 580 579 579 578 578 578 578 578 579 579 580 581 582 584 585 586 588 589 591 592 594 595 597 598 599 600 601 602 603 603 604 604 604 605 605 605 605 605 605 605 605 605 606 607 609
576 576 577 578 578 579 580 581 582 583 584 585 586 587 588 589 590 591 592 593 594 595 596 596 597 598 598 598 599 599 599 599 599 599 599 599 598 598 597 596 596 595 594 593 592 591 590 589 588 588 587 586 586 585 585 585 585 585 586 587 587 588 589 590 592 593 594 595 597 598 599 600 601 602 603 604 605 605 606 606 607 607 607 607 607 607 607 607 607 607 608 609 610 611
583 584 584 585 586 587 588 589 590 591 592 594 595 596 597 598 599 600 601 602 603 604 605 606 606 607 608 608 608 609 609 609 609 609 608 608 608 607 606 605 605 604 603 602 601 600 599 598 597 596 595 594 593 593 592 592 592 592 592 593 593 594 595 596 597 598 599 600 601 602 603 604 605 606 607 607 608 609 609 609 609 609 609 609 609 609 609 609 609 610 610 611 613 614
590 591 592 593 594 595 596 597 598 600 601 602 603 605 606 607 608 610 611 612 613 614 615 615 616 617 617 618 618 618 618 619 618 618 618 618 617 616 616 615 614 613 612 611 609 608 607 606 605 604 603 602 601 600 600 599 599 599 599 599 600 600 601 602 602 603 604 605 606 607 608 609 609 610 611 611 612 612 612 612 612 612 612 612 612 612 612 612 612 613 613 614 616 618
598 599 600 601 602 603 604 606 607 608 610 611 612 614 615 616 618 619 620 621 622 623 624 625 626 627 627 628 628 628 628 628 628 628 628 627 627 626 625 624 623 622 621 620 618 617 616 614 613 612 611 610 609 608 607 607 606 606 606 606 606 606 607 607 608 609 609 610 611 612 612 613 614 614 615 615 616 616 616 616 616 616 616 616 615 615 615 615 616 616 617 618 620 621
605 606 608 609 610 611 613 614 615 617 618 620 621 623 624 626 627 628 630 631 632 633 634 635 636 636 637 638 638 638 638 638 638 638 638 637 636 636 635 634 633 631 630 629 627 626 624 623 621 620 619 617 616 615 615 614 613 613 613 612 612 613 613 613 614 614 615 615 616 617 617 618 618 619 619 620 620 620 620 620 620 620 619 619 619 619 619 619 619 620 621 622 624 626
613 614 615 617 618 620 621 623 624 626 627 629 630 632 634 635 637 638 639 641 642 643 644 645 646 646 647 648 648 648 648 648 648 648 648 647 646 645 644 643 642 641 639 638 636 634 633 631 630 628 627 625 624 623 622 621 620 620 619 619 619 619 619 619 620 620 620 621 621 622 622 623 623 624 624 624 624 624 624 624 624 624 624 623 623 623 623 623 623 624 625 626 628 630
621 622 624 625 626 628 630 631 633 635 636 638 640 641 643 645 646 648 649 651 652 653 654 655 656 657 657 658 658 658 658 658 658 658 658 657 656 655 654 653 652 650 648 647 645 643 642 640 638 636 635 633 632 631 630 628 628 627 626 626 626 625 625 625 626 626 626 626 627 627 628 628 628 629 629 629 629 629 629 629 629 628 628 628 628 628 628 628 628 629 630 631 633 636
629 630 632 633 635 637 638 640 642 644 646 647 649 651 653 654 656 658 659 661 662 663 664 665 666 667 668 668 668 669 669 669 669 668 668 667 666 665 664 663 661 660 658 656 654 652 650 648 647 645 643 641 640 638 637 636 635 634 633 633 632 632 632 632 632 632 632 632 632 633 633 634 634 634 634 634 634 634 634 634 634 633 633 633 633 632 632 633 633 634 635 637 639 641
637 639 640 642 644 645 647 649 651 653 655 657 659 661 662 664 666 668 669 671 672 673 674 676 676 677 678 678 679 679 679 679 679 678 678 677 676 675 674 672 671 669 667 665 663 661 659 657 655 653 651 649 648 646 645 643 642 641 640 639 639 638 638 638 638 638 638 638 638 639 639 639 639 640 640 640 640 640 640 640 639 639 639 638 638 638 638 638 639 640 641 643 645 647
645 647 649 651 652 654 656 658 660 662 664 666 669 670 672 674 676 678 679 681 682 684 685 686 687 688 688 689 689 689 690 689 689 689 688 687 686 685 684 682 681 679 677 674 672 670 668 666 664 661 659 657 656 654 652 651 649 648 647 646 646 645 644 644 644 644 644 644 644 644 645 645 645 645 646 646 646 646 646 645 645 645 644 644 644 644 644 644 645 646 647 649 651 654
654 656 657 659 661 663 665 668 670 672 674 676 678 680 682 684 686 688 690 691 693 694 695 697 698 698 699 699 700 700 700 700 700 699 698 698 696 695 694 692 690 688 686 684 681 679 677 674 672 670 668 665 663 662 660 658 657 655 654 653 652 652 651 651 650 650 650 650 650 650 651 651 651 652 652 652 652 652 652 651 651 651 650 650 650 650 650 651 651 652 654 656 658 661
