hdd18ann.txt
ncols         501
nrows         361
xllcorner     109.95
yllcorner     -45.05
cellsize      0.1
NODATA_value  -9999
[rows 164 to 204 of 361, columns 188 to 281 of 501]
516 520 523 527 530 534 538 541 545 548 552 555 559 562 566 569 573 576 580 583 586 589 592 595 598 601 604 606 609 611 613 616 618 619 621 623 624 625 626 627 627 628 628 627 627 626 625 624 622 620 618 615 612 609 606 602 598 594 589 585 580 575 570 565 560 555 549 544 539 533 528 523 517 512 507 502 497 492 487 482 477 472 468 463 459 454 450 446 442 438 434 430 426 423
523 526 530 533 537 540 544 547 551 554 558 561 565 568 571 575 578 581 585 588 591 594 597 600 602 605 608 610 613 615 617 619 621 623 624 625 627 628 628 629 629 629 629 629 628 627 626 625 623 621 618 616 613 609 606 602 598 594 590 585 581 576 571 566 561 555 550 545 540 534 529 524 519 514 508 503 498 494 489 484 479 475 470 466 462 457 453 449 445 441 437 434 430 427
530 533 536 540 543 546 550 553 557 560 564 567 570 574 577 580 583 586 590 593 596 598 601 604 607 609 612 614 616 618 620 622 624 625 627 628 629 630 631 631 631 631 631 630 629 628 627 625 623 621 619 616 613 610 606 603 599 594 590 586 581 576 571 566 561 556 551 546 540 535 530 525 520 515 510 505 500 496 491 486 482 477 473 469 464 460 456 452 448 445 441 437 434 430
536 540 543 546 549 553 556 559 563 566 569 573 576 579 582 585 589 592 595 597 600 603 606 608 611 613 616 618 620 622 624 625 627 628 630 631 631 632 633 633 633 633 632 631 631 629 628 626 624 622 619 616 613 610 607 603 599 595 590 586 581 576 571 567 562 556 551 546 541 536 531 526 521 516 511 507 502 497 493 488 484 480 475 471 467 463 459 455 452 448 445 441 438 434
543 546 549 553 556 559 562 566 569 572 575 578 581 585 588 591 594 597 599 602 605 608 610 613 615 617 619 622 624 625 627 629 630 631 632 633 634 634 635 635 635 634 634 633 632 630 629 627 625 622 620 617 614 610 607 603 599 595 590 586 581 577 572 567 562 557 552 547 542 537 532 527 522 518 513 508 504 499 495 490 486 482 478 474 470 466 462 459 455 452 448 445 442 438
550 553 556 559 562 565 568 572 575 578 581 584 587 590 593 596 599 602 604 607 610 612 615 617 619 621 623 625 627 629 630 632 633 634 635 636 636 636 637 636 636 636 635 634 633 631 630 628 625 623 620 617 614 611 607 603 599 595 591 586 581 577 572 567 562 557 552 548 543 538 533 528 524 519 514 510 505 501 497 492 488 484 480 476 473 469 465 462 458 455 452 448 445 442
556 559 562 565 568 572 575 578 581 584 587 590 593 595 598 601 604 606 609 612 614 617 619 621 623 625 627 629 630 632 633 635 636 637 637 638 638 639 639 638 638 637 636 635 634 632 630 628 626 623 621 618 614 611 607 603 599 595 591 586 582 577 572 567 563 558 553 548 543 539 534 529 525 520 516 511 507 503 499 495 491 487 483 479 476 472 468 465 462 459 455 452 449 446
563 566 569 572 575 578 581 584 587 589 592 595 598 601 604 606 609 611 614 616 619 621 623 625 627 629 631 632 634 635 637 638 639 639 640 640 641 641 640 640 640 639 638 636 635 633 631 629 627 624 621 618 615 611 607 604 599 595 591 586 582 577 572 568 563 558 553 549 544 539 535 530 526 521 517 513 509 505 501 497 493 489 485 482 478 475 472 468 465 462 459 456 453 451
570 573 575 578 581 584 587 590 592 595 598 601 603 606 609 611 614 616 619 621 623 625 627 629 631 633 634 636 637 639 640 641 641 642 642 643 643 643 642 642 641 640 639 638 636 634 632 630 627 625 622 619 615 612 608 604 600 595 591 587 582 577 573 568 563 559 554 549 545 540 536 531 527 523 518 514 510 506 503 499 495 492 488 485 481 478 475 472 469 466 463 460 457 455
576 579 582 585 587 590 593 596 598 601 604 606 609 611 614 616 619 621 623 626 628 630 632 633 635 637 638 639 641 642 643 644 644 645 645 645 645 645 644 644 643 642 641 639 637 635 633 631 628 625 622 619 616 612 608 604 600 596 591 587 582 578 573 568 564 559 554 550 545 541 536 532 528 524 520 516 512 508 505 501 497 494 491 487 484 481 478 475 472 469 467 464 461 459
583 586 588 591 594 596 599 602 604 607 609 612 614 617 619 621 624 626 628 630 632 634 636 637 639 640 642 643 644 645 646 647 647 647 648 648 647 647 646 646 645 643 642 640 639 637 634 632 629 626 623 620 616 612 609 605 600 596 592 587 583 578 573 569 564 559 555 550 546 542 537 533 529 525 521 518 514 510 507 503 500 497 493 490 487 484 481 479 476 473 471 468 466 463
590 592 595 597 600 603 605 608 610 613 615 617 620 622 624 627 629 631 633 635 637 638 640 641 643 644 645 647 647 648 649 650 650 650 650 650 650 649 648 648 646 645 644 642 640 638 635 633 630 627 624 620 617 613 609 605 601 597 592 588 583 578 574 569 565 560 556 551 547 543 538 534 530 527 523 519 516 512 509 506 502 499 496 493 490 488 485 482 480 477 475 472 470 468
596 599 601 604 606 609 611 614 616 618 621 623 625 627 630 632 634 636 637 639 641 643 644 646 647 648 649 650 651 652 652 653 653 653 653 652 652 651 651 650 648 647 645 643 641 639 637 634 631 628 625 621 618 614 610 606 601 597 593 588 584 579 574 570 565 561 556 552 548 544 539 536 532 528 525 521 518 514 511 508 505 502 499 496 494 491 488 486 483 481 479 477 474 472
603 605 608 610 612 615 617 620 622 624 626 628 631 633 635 637 639 640 642 644 645 647 648 650 651 652 653 654 654 655 655 656 656 656 655 655 654 654 653 652 650 649 647 645 643 641 638 635 632 629 626 622 619 615 611 607 602 598 593 589 584 580 575 570 566 561 557 553 549 545 541 537 533 530 526 523 520 517 513 511 508 505 502 499 497 494 492 490 487 485 483 481 479 477
609 612 614 616 619 621 623 625 628 630 632 634 636 638 640 642 643 645 647 648 650 651 652 654 655 656 656 657 658 658 658 659 659 658 658 658 657 656 655 654 652 651 649 647 645 642 640 637 634 630 627 623 620 616 612 607 603 599 594 590 585 580 576 571 567 562 558 554 550 546 542 538 535 531 528 525 522 519 516 513 510 508 505 503 500 498 496 493 491 489 487 485 484 482
616 618 621 623 625 627 629 631 633 635 637 639 641 643 645 647 648 650 651 653 654 655 657 658 659 659 660 661 661 662 662 662 662 661 661 660 659 658 657 656 654 653 651 649 646 644 641 638 635 632 628 625 621 617 613 609 604 600 595 591 586 581 577 572 568 563 559 555 551 547 543 540 537 533 530 527 524 521 519 516 513 511 508 506 504 502 499 497 495 494 492 490 488 487
623 625 627 629 631 633 635 637 639 641 643 645 647 648 650 652 653 655 656 657 659 660 661 662 663 663 664 664 665 665 665 665 665 664 664 663 662 661 660 658 657 655 653 651 648 646 643 640 637 633 630 626 622 618 614 610 606 601 596 592 587 583 578 573 569 564 560 556 552 549 545 542 539 535 532 530 527 524 521 519 517 514 512 510 508 505 503 502 500 498 496 495 493 492
629 631 633 635 637 639 641 643 645 647 649 650 652 654 655 657 658 660 661 662 663 664 665 666 667 667 668 668 668 668 668 668 668 667 667 666 665 664 662 661 659 657 655 653 650 648 645 642 639 635 632 628 624 620 616 611 607 603 598 593 589 584 579 575 570 566 562 558 554 550 547 544 541 538 535 532 529 527 524 522 520 518 515 513 511 509 508 506 504 502 501 499 498 497
636 638 640 642 644 645 647 649 651 653 654 656 657 659 660 662 663 664 666 667 668 668 669 670 671 671 671 672 672 672 672 671 671 670 670 669 668 666 665 663 661 659 657 655 652 650 647 644 641 637 633 630 626 622 618 613 609 604 600 595 590 586 581 576 572 567 563 559 556 552 549 546 543 540 537 535 532 530 528 525 523 521 519 517 515 514 512 510 509 507 506 504 503 502
642 644 646 648 650 652 653 655 657 658 660 661 663 664 666 667 668 669 670 671 672 673 674 674 675 675 675 675 675 675 675 675 674 673 673 672 670 669 668 666 664 662 660 657 655 652 649 646 643 639 636 632 628 624 620 615 611 606 602 597 592 587 583 578 574 569 565 561 558 554 551 548 546 543 540 538 536 533 531 529 527 525 523 521 519 518 516 515 513 512 511 510 508 507
649 651 652 654 656 658 659 661 662 664 665 667 668 669 671 672 673 674 675 676 677 677 678 678 679 679 679 679 679 679 679 678 677 677 676 675 673 672 670 669 667 665 662 660 657 654 651 648 645 642 638 634 630 626 622 617 613 608 604 599 594 590 585 580 576 572 567 564 560 557 554 551 549 546 544 541 539 537 535 533 531 529 527 525 524 522 521 519 518 517 516 515 514 513
655 657 659 660 662 664 665 667 668 670 671 672 674 675 676 677 678 679 680 680 681 682 682 683 683 683 683 683 683 683 682 682 681 680 679 678 676 675 673 672 670 667 665 663 660 657 654 651 648 644 640 637 633 628 624 620 615 611 606 602 597 592 588 583 579 574 570 566 563 560 557 554 552 549 547 545 543 540 539 537 535 533 531 530 528 527 526 524 523 522 521 520 519 519
662 664 665 667 668 670 671 673 674 675 677 678 679 680 681 682 683 684 684 685 686 686 687 687 687 687 687 687 687 686 686 685 684 683 682 681 680 678 676 675 673 670 668 665 663 660 657 654 650 647 643 639 635 631 627 623 618 614 609 605 600 595 591 586 582 577 573 570 566 563 561 558 555 553 551 549 546 544 543 541 539 537 536 534 533 532 530 529 528 527 526 526 525 524
668 670 671 673 674 676 677 678 680 681 682 683 684 685 686 687 688 689 689 690 690 691 691 691 691 691 691 691 690 690 689 689 688 687 686 684 683 681 680 678 676 673 671 668 666 663 660 657 653 650 646 642 638 634 630 626 621 617 612 608 603 599 594 590 585 581 577 573 570 567 564 562 559 557 555 553 551 549 547 545 544 542 541 539 538 537 536 535 534 533 532 531 531 530
675 676 678 679 681 682 683 684 686 687 688 689 690 691 691 692 693 693 694 694 695 695 695 695 695 695 695 695 694 694 693 692 691 690 689 688 686 685 683 681 679 677 674 672 669 666 663 660 656 653 649 645 641 637 633 629 625 620 616 611 607 602 598 593 589 585 581 578 574 571 569 566 564 561 559 557 555 553 551 550 548 547 545 544 543 542 541 540 539 538 538 537 537 536
681 683 684 685 687 688 689 690 691 692 693 694 695 696 697 697 698 698 699 699 699 700 700 700 700 699 699 699 698 698 697 696 695 694 693 691 690 688 686 684 682 680 677 675 672 669 666 663 660 656 653 649 645 641 637 633 628 624 620 615 611 606 602 598 593 589 586 582 579 576 573 571 568 566 564 562 560 558 556 555 553 552 550 549 548 547 546 545 545 544 544 543 543 542
688 689 690 692 693 694 695 696 697 698 699 700 700 701 702 702 703 703 704 704 704 704 704 704 704 704 703 703 702 702 701 700 699 698 696 695 693 692 690 688 686 683 681 678 676 673 670 667 663 660 656 652 649 645 641 636 632 628 624 619 615 611 606 602 598 594 590 587 584 581 578 575 573 571 569 567 565 563 561 560 558 557 556 555 554 553 552 551 550 550 550 549 549 549
694 695 697 698 699 700 701 702 703 704 704 705 706 706 707 707 708 708 708 709 709 709 709 709 708 708 708 707 706 706 705 704 703 702 700 699 697 695 694 691 689 687 685 682 679 676 673 670 667 664 660 656 652 649 645 641 636 632 628 624 619 615 611 607 603 599 596 592 589 586 583 581 578 576 574 572 570 568 566 565 564 562 561 560 559 558 558 557 556 556 556 555 555 555
701 702 703 704 705 706 707 708 709 709 710 711 711 712 712 713 713 713 713 713 713 713 713 713 713 712 712 711 711 710 709 708 707 705 704 703 701 699 697 695 693 691 688 686 683 680 677 674 671 667 664 660 657 653 649 645 641 637 632 628 624 620 616 612 608 604 601 597 594 591 589 586 583 581 579 577 575 574 572 570 569 568 567 566 565 564 563 563 563 562 562 562 562 562
707 708 709 710 711 712 713 714 714 715 716 716 717 717 717 718 718 718 718 718 718 718 718 718 717 717 716 716 715 714 713 712 711 709 708 707 705 703 701 699 697 695 692 690 687 684 681 678 675 672 668 665 661 657 653 649 645 641 637 633 629 625 621 617 613 610 606 603 600 597 594 592 589 587 585 583 581 579 578 576 575 574 573 572 571 570 570 569 569 569 568 568 568 569
714 715 715 716 717 718 719 719 720 721 721 722 722 722 723 723 723 723 723 723 723 723 722 722 722 721 721 720 719 718 717 716 715 714 712 711 709 707 705 703 701 699 696 694 691 688 685 682 679 676 673 669 666 662 658 654 650 646 642 638 634 630 627 623 619 616 612 609 606 603 600 597 595 593 591 589 587 585 583 582 581 580 579 578 577 576 576 575 575 575 575 575 575 576
720 721 722 723 723 724 725 725 726 726 727 727 727 728 728 728 728 728 728 728 728 727 727 727 726 726 725 724 723 722 721 720 719 718 716 715 713 711 709 707 705 703 701 698 695 693 690 687 684 681 677 674 670 667 663 659 655 652 648 644 640 636 632 629 625 621 618 615 612 609 606 603 601 599 597 595 593 591 589 588 587 586 585 584 583 583 582 582 582 582 582 582 582 583
726 727 728 729 729 730 731 731 732 732 732 733 733 733 733 733 733 733 733 733 732 732 732 731 731 730 729 729 728 727 726 725 723 722 721 719 717 716 714 712 710 707 705 702 700 697 694 691 688 685 682 679 675 672 668 664 661 657 653 649 646 642 638 634 631 627 624 621 618 615 612 610 607 605 603 601 599 597 596 594 593 592 591 590 590 589 589 589 588 588 589 589 589 590
733 733 734 735 735 736 736 737 737 738 738 738 738 738 738 738 738 738 738 738 737 737 736 736 735 735 734 733 732 731 730 729 728 726 725 723 722 720 718 716 714 712 709 707 704 702 699 696 693 690 687 684 680 677 673 670 666 663 659 655 651 648 644 641 637 634 630 627 624 621 619 616 613 611 609 607 605 604 602 601 600 598 598 597 596 596 595 595 595 595 596 596 597 597
739 740 740 741 741 742 742 743 743 743 743 744 744 744 744 743 743 743 743 743 742 742 741 741 740 739 738 738 737 736 735 733 732 731 729 728 726 724 722 721 718 716 714 712 709 707 704 701 698 695 692 689 686 682 679 675 672 668 665 661 657 654 650 647 643 640 637 634 631 628 625 622 620 618 616 614 612 610 609 607 606 605 604 604 603 603 602 602 602 602 603 603 604 605
745 746 747 747 748 748 748 748 749 749 749 749 749 749 749 749 748 748 748 747 747 746 746 745 745 744 743 742 741 740 739 738 737 735 734 732 731 729 727 725 723 721 719 716 714 711 709 706 703 700 697 694 691 688 685 681 678 674 671 667 664 660 657 653 650 647 643 640 637 634 632 629 627 624 622 620 618 617 615 614 613 612 611 610 610 609 609 609 609 610 610 611 611 612
752 752 753 753 754 754 754 754 754 754 754 754 754 754 754 754 754 753 753 752 752 751 751 750 749 749 748 747 746 745 744 742 741 740 738 737 735 733 732 730 728 726 724 721 719 716 714 711 709 706 703 700 697 694 690 687 684 680 677 674 670 667 663 660 657 653 650 647 644 641 639 636 634 631 629 627 625 624 622 621 620 619 618 617 617 617 616 616 617 617 618 618 619 620
758 758 759 759 760 760 760 760 760 760 760 760 760 760 759 759 759 758 758 757 757 756 756 755 754 753 752 751 750 749 748 747 746 744 743 741 740 738 736 735 733 731 728 726 724 722 719 717 714 711 708 706 703 699 696 693 690 687 683 680 677 673 670 667 663 660 657 654 651 648 645 643 640 638 636 634 632 631 629 628 627 626 625 624 624 624 624 624 624 624 625 626 627 628
764 765 765 765 766 766 766 766 766 766 766 765 765 765 765 764 764 763 763 762 762 761 760 760 759 758 757 756 755 754 753 752 750 749 748 746 745 743 741 739 738 736 733 731 729 727 724 722 719 717 714 711 708 705 702 699 696 693 690 687 683 680 677 673 670 667 664 661 658 655 653 650 648 645 643 641 639 638 636 635 634 633 632 632 631 631 631 631 632 632 633 634 635 636
770 771 771 771 771 772 772 772 771 771 771 771 770 770 770 769 769 768 768 767 767 766 765 764 764 763 762 761 760 759 758 756 755 754 752 751 749 748 746 744 742 741 739 737 734 732 730 728 725 723 720 717 714 712 709 706 703 700 696 693 690 687 684 680 677 674 671 668 665 662 660 657 655 652 650 648 647 645 643 642 641 640 640 639 639 639 639 639 639 640 641 642 643 644
777 777 777 777 777 777 777 777 777 777 777 776 776 775 775 775 774 773 773 772 772 771 770 769 768 768 767 766 765 763 762 761 760 759 757 756 754 753 751 749 748 746 744 742 740 738 735 733 731 728 726 723 721 718 715 712 709 706 703 700 697 694 691 687 684 681 678 675 672 670 667 664 662 660 658 656 654 652 651 650 649 648 647 647 646 646 646 647 647 648 649 650 651 652
